# wavelength_nm flux_erg_cm2_s_nm
100.00000000 1.2259038563534428e+00
100.25000000 1.2925387074838544e+00
100.50000000 1.3623944626174618e+00
100.75000000 1.4356062238289642e+00
101.00000000 1.5123138200291442e+00
101.25000000 1.5926619348736184e+00
101.50000000 1.6768002368587362e+00
101.75000000 1.7648835116058210e+00
102.00000000 1.8570717963333825e+00
102.25000000 1.9535305165162271e+00
102.50000000 2.0544306247292066e+00
102.75000000 2.1599487416722596e+00
103.00000000 2.2702672993724859e+00
103.25000000 2.3855746865576637e+00
103.50000000 2.5060653961947676e+00
103.75000000 2.6319401751859135e+00
104.00000000 2.7634061762126474e+00
104.25000000 2.9006771117192356e+00
104.50000000 3.0439734100234861e+00
104.75000000 3.1935223735432881e+00
105.00000000 3.3495583391255530e+00
105.25000000 3.5123228404631504e+00
105.50000000 3.6820647725842757e+00
105.75000000 3.8590405583978016e+00
106.00000000 4.0435143172765686e+00
106.25000000 4.2357580356598676e+00
106.50000000 4.4360517396549453e+00
106.75000000 4.6446836696161613e+00
107.00000000 4.8619504566798799e+00
107.25000000 5.0881573012310444e+00
107.50000000 5.3236181532769953e+00
107.75000000 5.5686558947030820e+00
108.00000000 5.8236025233824433e+00
108.25000000 6.0887993391126818e+00
108.50000000 6.3645971313498721e+00
108.75000000 6.6513563687093100e+00
109.00000000 6.9494473902025353e+00
109.25000000 7.2592505981773341e+00
109.50000000 7.5811566529273771e+00
109.75000000 7.9155666689370152e+00
110.00000000 8.2628924127255985e+00
110.25000000 8.6235565022538339e+00
110.50000000 8.9979926078552595e+00
110.75000000 9.3866456546537265e+00
111.00000000 9.7899720264262733e+00
111.25000000 1.0208439770871706e+01
111.50000000 1.0642528806241788e+01
111.75000000 1.1092731129293295e+01
112.00000000 1.1559551024516095e+01
112.25000000 1.2043505274592732e+01
112.50000000 1.2545123372044536e+01
112.75000000 1.3064947732016513e+01
113.00000000 1.3603533906153865e+01
113.25000000 1.4161450797522031e+01
113.50000000 1.4739280876520620e+01
113.75000000 1.5337620397740739e+01
114.00000000 1.5957079617715777e+01
114.25000000 1.6598283013512695e+01
114.50000000 1.7261869502111786e+01
114.75000000 1.7948492660521936e+01
115.00000000 1.8658820946576217e+01
115.25000000 1.9393537920354483e+01
115.50000000 2.0153342466175712e+01
115.75000000 2.0938949015105965e+01
116.00000000 2.1751087767922748e+01
116.25000000 2.2590504918480995e+01
116.50000000 2.3457962877419309e+01
116.75000000 2.4354240496151817e+01
117.00000000 2.5280133291082372e+01
117.25000000 2.6236453667983820e+01
117.50000000 2.7224031146482091e+01
117.75000000 2.8243712584582685e+01
118.00000000 2.9296362403179938e+01
118.25000000 3.0382862810486159e+01
118.50000000 3.1504114026320806e+01
118.75000000 3.2661034506192941e+01
119.00000000 3.3854561165120025e+01
119.25000000 3.5085649601113964e+01
119.50000000 3.6355274318275406e+01
119.75000000 3.7664428949430949e+01
120.00000000 3.9014126478248194e+01
120.25000000 4.0405399460765537e+01
120.50000000 4.1839300246274234e+01
120.75000000 4.3316901197482800e+01
121.00000000 4.4839294909906215e+01
121.25000000 4.6407594430407173e+01
121.50000000 4.8022933474831767e+01
121.75000000 4.9686466644670404e+01
122.00000000 5.1399369642678757e+01
122.25000000 5.3162839487395786e+01
122.50000000 5.4978094726493509e+01
122.75000000 5.6846375648891211e+01
123.00000000 5.8768944495570004e+01
123.25000000 6.0747085669028145e+01
123.50000000 6.2782105941302071e+01
123.75000000 6.4875334660498169e+01
124.00000000 6.7028123955766048e+01
124.25000000 6.9241848940648268e+01
124.50000000 7.1517907914747838e+01
124.75000000 7.3857722563644714e+01
125.00000000 7.6262738156995525e+01
125.25000000 7.8734423744766005e+01
125.50000000 8.1274272351513332e+01
125.75000000 8.3883801168677223e+01
126.00000000 8.6564551744799928e+01
126.25000000 8.9318090173624938e+01
126.50000000 9.2146007280006600e+01
126.75000000 9.5049918803574101e+01
127.00000000 9.8031465580085111e+01
127.25000000 1.0109231372041465e+02
127.50000000 1.0423415478710896e+02
127.75000000 1.0745870596846487e+02
128.00000000 1.1076771025005323e+02
128.25000000 1.1416293658364638e+02
128.50000000 1.1764618005348024e+02
128.75000000 1.2121926203980694e+02
129.00000000 1.2488403037967078e+02
129.25000000 1.2864235952485390e+02
129.50000000 1.3249615069694764e+02
129.75000000 1.3644733203947933e+02
130.00000000 1.4049785876705363e+02
130.25000000 1.4464971331145350e+02
130.50000000 1.4890490546464315e+02
130.75000000 1.5326547251862965e+02
131.00000000 1.5773347940212773e+02
131.25000000 1.6231101881398021e+02
131.50000000 1.6700021135328998e+02
131.75000000 1.7180320564620325e+02
132.00000000 1.7672217846931142e+02
132.25000000 1.8175933486961620e+02
132.50000000 1.8691690828101810e+02
132.75000000 1.9219716063728214e+02
133.00000000 1.9760238248143190e+02
133.25000000 2.0313489307153932e+02
133.50000000 2.0879704048286411e+02
133.75000000 2.1459120170629760e+02
134.00000000 2.2051978274308161e+02
134.25000000 2.2658521869575193e+02
134.50000000 2.3278997385527785e+02
134.75000000 2.3913654178435567e+02
135.00000000 2.4562744539682529e+02
135.25000000 2.5226523703316869e+02
135.50000000 2.5905249853205692e+02
135.75000000 2.6599184129792951e+02
136.00000000 2.7308590636454335e+02
136.25000000 2.8033736445449125e+02
136.50000000 2.8774891603463880e+02
136.75000000 2.9532329136746273e+02
137.00000000 3.0306325055826130e+02
137.25000000 3.1097158359821185e+02
137.50000000 3.1905111040322731e+02
137.75000000 3.2730468084864702e+02
138.00000000 3.3573517479964585e+02
138.25000000 3.4434550213744205e+02
138.50000000 3.5313860278120012e+02
138.75000000 3.6211744670564894e+02
139.00000000 3.7128503395440555e+02
139.25000000 3.8064439464894019e+02
139.50000000 3.9019858899322196e+02
139.75000000 3.9995070727398712e+02
140.00000000 4.0990386985663031e+02
140.25000000 4.2006122717672190e+02
140.50000000 4.3042595972710990e+02
140.75000000 4.4100127804060526e+02
141.00000000 4.5179042266824871e+02
141.25000000 4.6279666415315160e+02
141.50000000 4.7402330299989057e+02
141.75000000 4.8547366963943671e+02
142.00000000 4.9715112438966179e+02
142.25000000 5.0905905741136417e+02
142.50000000 5.2120088865984144e+02
142.75000000 5.3358006783198721e+02
143.00000000 5.4620007430893452e+02
143.25000000 5.5906441709422211e+02
143.50000000 5.7217663474750259e+02
143.75000000 5.8554029531376455e+02
144.00000000 5.9915899624813460e+02
144.25000000 6.1303636433615509e+02
144.50000000 6.2717605560967786e+02
144.75000000 6.4158175525826050e+02
145.00000000 6.5625717753613242e+02
145.25000000 6.7120606566474896e+02
145.50000000 6.8643219173087107e+02
145.75000000 7.0193935658028977e+02
146.00000000 7.1773138970709635e+02
146.25000000 7.3381214913858707e+02
146.50000000 7.5018552131577303e+02
146.75000000 7.6685542096952884e+02
147.00000000 7.8382579099239376e+02
147.25000000 8.0110060230602426e+02
147.50000000 8.1868385372434909e+02
147.75000000 8.3657957181238146e+02
148.00000000 8.5479181074078542e+02
148.25000000 8.7332465213617320e+02
148.50000000 8.9218220492713965e+02
148.75000000 9.1136860518606466e+02
149.00000000 9.3088801596677411e+02
149.25000000 9.5074462713793218e+02
149.50000000 9.7094265521236355e+02
149.75000000 9.9148634317219137e+02
150.00000000 1.0123799602898756e+03
150.25000000 1.0336278019452150e+03
150.50000000 1.0552341894382362e+03
150.75000000 1.0772034697981117e+03
151.00000000 1.0995400155880500e+03
151.25000000 1.1222482247062183e+03
151.50000000 1.1453325201827713e+03
151.75000000 1.1687973499729176e+03
152.00000000 1.1926471867461632e+03
152.25000000 1.2168865276716722e+03
152.50000000 1.2415198941998572e+03
152.75000000 1.2665518318401789e+03
153.00000000 1.2919869099351915e+03
153.25000000 1.3178297214309125e+03
153.50000000 1.3440848826435188e+03
153.75000000 1.3707570330223828e+03
154.00000000 1.3978508349095493e+03
154.25000000 1.4253709732956659e+03
154.50000000 1.4533221555723028e+03
154.75000000 1.4817091112809412e+03
155.00000000 1.5105365918583866e+03
155.25000000 1.5398093703788581e+03
155.50000000 1.5695322412927187e+03
155.75000000 1.5997100201618168e+03
156.00000000 1.6303475433916519e+03
156.25000000 1.6614496679602269e+03
156.50000000 1.6930212711437548e+03
156.75000000 1.7250672502391712e+03
157.00000000 1.7575925222836399e+03
157.25000000 1.7906020237708590e+03
157.50000000 1.8241007103644449e+03
157.75000000 1.8580935566083515e+03
158.00000000 1.8925855556342949e+03
158.25000000 1.9275817188663841e+03
158.50000000 1.9630870757228533e+03
158.75000000 1.9991066733149969e+03
159.00000000 2.0356455761434752e+03
159.25000000 2.0727088657917561e+03
159.50000000 2.1103016406171037e+03
159.75000000 2.1484290154388018e+03
160.00000000 2.1870961212239049e+03
160.25000000 2.2263081047705214e+03
160.50000000 2.2660701283885901e+03
160.75000000 2.3063873695782486e+03
161.00000000 2.3472650207059305e+03
161.25000000 2.3887082886780163e+03
161.50000000 2.4307223946124177e+03
161.75000000 2.4733125735077556e+03
162.00000000 2.5164840739106062e+03
162.25000000 2.5602421575803601e+03
162.50000000 2.6045920991523917e+03
162.75000000 2.6495391857988602e+03
163.00000000 2.6950887168878353e+03
163.25000000 2.7412460036403427e+03
163.50000000 2.7880163687857157e+03
163.75000000 2.8354051462150019e+03
164.00000000 2.8834176806327328e+03
164.25000000 2.9320593272069345e+03
164.50000000 2.9813354512175279e+03
164.75000000 3.0312514277031264e+03
165.00000000 3.0818126411063131e+03
165.25000000 3.1330244849173841e+03
165.50000000 3.1848923613167249e+03
165.75000000 3.2374216808156930e+03
166.00000000 3.2906178618963204e+03
166.25000000 3.3444863306495881e+03
166.50000000 3.3990325204125452e+03
166.75000000 3.4542618714042733e+03
167.00000000 3.5101798303606183e+03
167.25000000 3.5667918501680119e+03
167.50000000 3.6241033894960701e+03
167.75000000 3.6821199124293867e+03
168.00000000 3.7408468880983787e+03
168.25000000 3.8002897903091080e+03
168.50000000 3.8604540971725437e+03
168.75000000 3.9213452907327774e+03
169.00000000 3.9829688565947936e+03
169.25000000 4.0453302835513191e+03
169.50000000 4.1084350632092901e+03
169.75000000 4.1722886896155687e+03
170.00000000 4.2368966588822104e+03
170.25000000 4.3022644688113423e+03
170.50000000 4.3683976185194888e+03
170.75000000 4.4353016080616590e+03
171.00000000 4.5029819380550371e+03
171.25000000 4.5714441093023797e+03
171.50000000 4.6406936224153715e+03
171.75000000 4.7107359774375700e+03
172.00000000 4.7815766734673780e+03
172.25000000 4.8532212082810056e+03
172.50000000 4.9256750779551603e+03
172.75000000 4.9989437764900667e+03
173.00000000 5.0730327954323247e+03
173.25000000 5.1479476234980020e+03
173.50000000 5.2236937461958560e+03
173.75000000 5.3002766454508428e+03
174.00000000 5.3777017992277324e+03
174.25000000 5.4559746811551295e+03
174.50000000 5.5351007601499414e+03
174.75000000 5.6150855000419933e+03
175.00000000 5.6959343591993656e+03
175.25000000 5.7776527901539948e+03
175.50000000 5.8602462392279213e+03
175.75000000 5.9437201461601426e+03
176.00000000 6.0280799437339338e+03
176.25000000 6.1133310574050765e+03
176.50000000 6.1994789049304600e+03
176.75000000 6.2865288959978507e+03
177.00000000 6.3744864318560212e+03
177.25000000 6.4633569049460602e+03
177.50000000 6.5531456985333980e+03
177.75000000 6.6438581863406880e+03
178.00000000 6.7354997321818373e+03
178.25000000 6.8280756895968589e+03
178.50000000 6.9215914014879163e+03
178.75000000 7.0160521997562391e+03
179.00000000 7.1114634049404312e+03
179.25000000 7.2078303258556971e+03
179.50000000 7.3051582592343766e+03
179.75000000 7.4034524893677535e+03
180.00000000 7.5027182877489395e+03
180.25000000 7.6029609127173826e+03
180.50000000 7.7041856091044610e+03
180.75000000 7.8063976078805099e+03
181.00000000 7.9096021258034007e+03
181.25000000 8.0138043650683685e+03
181.50000000 8.1190095129595993e+03
181.75000000 8.2252227415029029e+03
182.00000000 8.3324492071206296e+03
182.25000000 8.4406940502874440e+03
182.50000000 8.5499623951881058e+03
182.75000000 8.6602593493770582e+03
183.00000000 8.7715900034392234e+03
183.25000000 8.8839594306531471e+03
183.50000000 8.9973726866552242e+03
183.75000000 9.1118348091062744e+03
184.00000000 9.2273508173596329e+03
184.25000000 9.3439257121311421e+03
184.50000000 9.4615644751711388e+03
184.75000000 9.5802720689382368e+03
185.00000000 9.7000534362748385e+03
185.25000000 9.8209135000852384e+03
185.50000000 9.9428571630150018e+03
185.75000000 1.0065889307132753e+04
186.00000000 1.0190014793614058e+04
186.25000000 1.0315238462427129e+04
186.50000000 1.0441565132020802e+04
186.75000000 1.0568999599014569e+04
187.00000000 1.0697546637890946e+04
187.25000000 1.0827211000689533e+04
187.50000000 1.0957997416704013e+04
187.75000000 1.1089910592180624e+04
188.00000000 1.1222955210019441e+04
188.25000000 1.1357135929477567e+04
188.50000000 1.1492457385874832e+04
188.75000000 1.1628924190301663e+04
189.00000000 1.1766540929329449e+04
189.25000000 1.1905312164723089e+04
189.50000000 1.2045242433156040e+04
189.75000000 1.2186336245927636e+04
190.00000000 1.2328598088683157e+04
190.25000000 1.2472032421135713e+04
190.50000000 1.2616643676791366e+04
190.75000000 1.2762436262675830e+04
191.00000000 1.2909414559064775e+04
191.25000000 1.3057582919215292e+04
191.50000000 1.3206945669101320e+04
191.75000000 1.3357507107150415e+04
192.00000000 1.3509271503983748e+04
192.25000000 1.3662243102158440e+04
192.50000000 1.3816426115912549e+04
192.75000000 1.3971824730912729e+04
193.00000000 1.4128443104004338e+04
193.25000000 1.4286285362964312e+04
193.50000000 1.4445355606256744e+04
193.75000000 1.4605657902790608e+04
194.00000000 1.4767196291681279e+04
194.25000000 1.4929974782013278e+04
194.50000000 1.5093997352607024e+04
194.75000000 1.5259267951787389e+04
195.00000000 1.5425790497155511e+04
195.25000000 1.5593568875362957e+04
195.50000000 1.5762606941888878e+04
195.75000000 1.5932908520819918e+04
196.00000000 1.6104477404632820e+04
196.25000000 1.6277317353979293e+04
196.50000000 1.6451432097474870e+04
196.75000000 1.6626825331489261e+04
197.00000000 1.6803500719940239e+04
197.25000000 1.6981461894090095e+04
197.50000000 1.7160712452344949e+04
197.75000000 1.7341255960056787e+04
198.00000000 1.7523095949328428e+04
198.25000000 1.7706235918821167e+04
198.50000000 1.7890679333565418e+04
198.75000000 1.8076429624774140e+04
199.00000000 1.8263490189658918e+04
199.25000000 1.8451864391249124e+04
199.50000000 1.8641555558213742e+04
199.75000000 1.8832566984686193e+04
200.00000000 1.9024901930091950e+04
200.25000000 1.9218563618978824e+04
200.50000000 1.9413555240850430e+04
200.75000000 1.9609879950002294e+04
201.00000000 1.9807540865360799e+04
201.25000000 2.0006541070325318e+04
201.50000000 2.0206883612612441e+04
201.75000000 2.0408571504104089e+04
202.00000000 2.0611607720697542e+04
202.25000000 2.0815995202159287e+04
202.50000000 2.1021736851980346e+04
202.75000000 2.1228835537236188e+04
203.00000000 2.1437294088448070e+04
203.25000000 2.1647115299447833e+04
203.50000000 2.1858301927245644e+04
203.75000000 2.2070856691900331e+04
204.00000000 2.2284782276392638e+04
204.25000000 2.2500081326501455e+04
204.50000000 2.2716756450682711e+04
204.75000000 2.2934810219951276e+04
205.00000000 2.3154245167765232e+04
205.25000000 2.3375063789914049e+04
205.50000000 2.3597268544408271e+04
205.75000000 2.3820861851372880e+04
206.00000000 2.4045846092943109e+04
206.25000000 2.4272223613163485e+04
206.50000000 2.4499996717888920e+04
206.75000000 2.4729167674689579e+04
207.00000000 2.4959738712757600e+04
207.25000000 2.5191712022817508e+04
207.50000000 2.5425089757038124e+04
207.75000000 2.5659874028949132e+04
208.00000000 2.5896066913358278e+04
208.25000000 2.6133670446273325e+04
208.50000000 2.6372686624825201e+04
208.75000000 2.6613117407194663e+04
209.00000000 2.6854964712541641e+04
209.25000000 2.7098230420937205e+04
209.50000000 2.7342916373298212e+04
209.75000000 2.7589024371324780e+04
210.00000000 2.7836556177440314e+04
210.25000000 2.8085513514734546e+04
210.50000000 2.8335898066908416e+04
210.75000000 2.8587711478223224e+04
211.00000000 2.8840955353450372e+04
211.25000000 2.9095631257825829e+04
211.50000000 2.9351740717005297e+04
211.75000000 2.9609285217023938e+04
212.00000000 2.9868266204256903e+04
212.25000000 3.0128685085383884e+04
212.50000000 3.0390543227355487e+04
212.75000000 3.0653841957362340e+04
213.00000000 3.0918582562806940e+04
213.25000000 3.1184766291277811e+04
213.50000000 3.1452394350526934e+04
213.75000000 3.1721467908448252e+04
214.00000000 3.1991988093060263e+04
214.25000000 3.2263955992490472e+04
214.50000000 3.2537372654961888e+04
214.75000000 3.2812239088782961e+04
215.00000000 3.3088556262339094e+04
215.25000000 3.3366325104087562e+04
215.50000000 3.3645546502553763e+04
215.75000000 3.3926221306330859e+04
216.00000000 3.4208350324081453e+04
216.25000000 3.4491934324541573e+04
216.50000000 3.4776974036527274e+04
216.75000000 3.5063470148943758e+04
217.00000000 3.5351423310796054e+04
217.25000000 3.5640834131203199e+04
217.50000000 3.5931703179414035e+04
217.75000000 3.6224030984825280e+04
218.00000000 3.6517818037002689e+04
218.25000000 3.6813064785703187e+04
218.50000000 3.7109771640900704e+04
218.75000000 3.7407938972813201e+04
219.00000000 3.7707567111932884e+04
219.25000000 3.8008656349057259e+04
219.50000000 3.8311206935324306e+04
219.75000000 3.8615219082248266e+04
220.00000000 3.8920692961758235e+04
220.25000000 3.9227628706239011e+04
220.50000000 3.9536026408574020e+04
220.75000000 3.9845886122190066e+04
221.00000000 4.0157207861105140e+04
221.25000000 4.0469991599976835e+04
221.50000000 4.0784237274154744e+04
221.75000000 4.1099944779732599e+04
222.00000000 4.1417113973605294e+04
222.25000000 4.1735744673525100e+04
222.50000000 4.2055836658162443e+04
222.75000000 4.2377389667166273e+04
223.00000000 4.2700403401229145e+04
223.25000000 4.3024877522151422e+04
223.50000000 4.3350811652909731e+04
223.75000000 4.3678205377726284e+04
224.00000000 4.4007058242140047e+04
224.25000000 4.4337369753080333e+04
224.50000000 4.4669139378942222e+04
224.75000000 4.5002366549663231e+04
225.00000000 4.5337050656803200e+04
225.25000000 4.5673191053623807e+04
225.50000000 4.6010787055172805e+04
225.75000000 4.6349837938367200e+04
226.00000000 4.6690342942080351e+04
226.25000000 4.7032301267229908e+04
226.50000000 4.7375712076867552e+04
226.75000000 4.7720574496270638e+04
227.00000000 4.8066887613035542e+04
227.25000000 4.8414650477172661e+04
227.50000000 4.8763862101203165e+04
227.75000000 4.9114521460257543e+04
228.00000000 4.9466627492175750e+04
228.25000000 4.9820179097608314e+04
228.50000000 5.0175175140120722e+04
228.75000000 5.0531614446297281e+04
229.00000000 5.0889495805848426e+04
229.25000000 5.1248817971718767e+04
229.50000000 5.1609579660196461e+04
229.75000000 5.1971779551024643e+04
230.00000000 5.2335416287514192e+04
230.25000000 5.2700488476658174e+04
230.50000000 5.3066994689246741e+04
230.75000000 5.3434933459985667e+04
231.00000000 5.3804303287614217e+04
231.25000000 5.4175102635025192e+04
231.50000000 5.4547329929386717e+04
231.75000000 5.4920983562265224e+04
232.00000000 5.5296061889749668e+04
232.25000000 5.5672563232577340e+04
232.50000000 5.6050485876260682e+04
232.75000000 5.6429828071215830e+04
233.00000000 5.6810588032892061e+04
233.25000000 5.7192763941903831e+04
233.50000000 5.7576353944161157e+04
233.75000000 5.7961356151005268e+04
234.00000000 5.8347768639341761e+04
234.25000000 5.8735589451777538e+04
234.50000000 5.9124816596757613e+04
234.75000000 5.9515448048704086e+04
235.00000000 5.9907481748155085e+04
235.25000000 6.0300915601906287e+04
235.50000000 6.0695747483152008e+04
235.75000000 6.1091975231629476e+04
236.00000000 6.1489596653761364e+04
236.25000000 6.1888609522802966e+04
236.50000000 6.2289011578986887e+04
236.75000000 6.2690800529672211e+04
237.00000000 6.3093974049490709e+04
237.25000000 6.3498529780498815e+04
237.50000000 6.3904465332326341e+04
237.75000000 6.4311778282329149e+04
238.00000000 6.4720466175740818e+04
238.25000000 6.5130526525826739e+04
238.50000000 6.5541956814038291e+04
238.75000000 6.5954754490168169e+04
239.00000000 6.6368916972507010e+04
239.25000000 6.6784441648000240e+04
239.50000000 6.7201325872406058e+04
239.75000000 6.7619566970455082e+04
240.00000000 6.8039162236009128e+04
240.25000000 6.8460108932222647e+04
240.50000000 6.8882404291704006e+04
240.75000000 6.9306045516677797e+04
241.00000000 6.9731029779147313e+04
241.25000000 7.0157354221059504e+04
241.50000000 7.0585015954468457e+04
241.75000000 7.1014012061702044e+04
242.00000000 7.1444339595526093e+04
242.25000000 7.1875995579313254e+04
242.50000000 7.2308977007209338e+04
242.75000000 7.2743280844301320e+04
243.00000000 7.3178904026787000e+04
243.25000000 7.3615843462144083e+04
243.50000000 7.4054096029300112e+04
243.75000000 7.4493658578803690e+04
244.00000000 7.4934527932995567e+04
244.25000000 7.5376700886180523e+04
244.50000000 7.5820174204800263e+04
244.75000000 7.6264944627606485e+04
245.00000000 7.6711008865834010e+04
245.25000000 7.7158363603375969e+04
245.50000000 7.7607005496957572e+04
245.75000000 7.8056931176311380e+04
246.00000000 7.8508137244354642e+04
246.25000000 7.8960620277362934e+04
246.50000000 7.9414376825149113e+04
246.75000000 7.9869403411238949e+04
247.00000000 8.0325696533049893e+04
247.25000000 8.0783252662067694e+04
247.50000000 8.1242068244026173e+04
247.75000000 8.1702139699085383e+04
248.00000000 8.2163463422010609e+04
248.25000000 8.2626035782351973e+04
248.50000000 8.3089853124625370e+04
248.75000000 8.3554911768490871e+04
249.00000000 8.4021208008935151e+04
249.25000000 8.4488738116451554e+04
249.50000000 8.4957498337220779e+04
249.75000000 8.5427484893293207e+04
250.00000000 8.5898693982770928e+04
250.25000000 8.6371121779989087e+04
250.50000000 8.6844764435697754e+04
250.75000000 8.7319618077245948e+04
251.00000000 8.7795678808763332e+04
251.25000000 8.8272942711343523e+04
251.50000000 8.8751405843227054e+04
251.75000000 8.9231064239985077e+04
252.00000000 8.9711913914702935e+04
252.25000000 9.0193950858163502e+04
252.50000000 9.0677171039031484e+04
252.75000000 9.1161570404037047e+04
253.00000000 9.1647144878160936e+04
253.25000000 9.2133890364816980e+04
253.50000000 9.2621802746038782e+04
253.75000000 9.3110877882662127e+04
254.00000000 9.3601111614510068e+04
254.25000000 9.4092499760579594e+04
254.50000000 9.4585038119223158e+04
254.75000000 9.5078722468335065e+04
255.00000000 9.5573548565537014e+04
255.25000000 9.6069512148361318e+04
255.50000000 9.6566608934437478e+04
255.75000000 9.7064834621674876e+04
256.00000000 9.7564184888449876e+04
256.25000000 9.8064655393789551e+04
256.50000000 9.8566241777555813e+04
256.75000000 9.9068939660632022e+04
257.00000000 9.9572744645106228e+04
257.25000000 1.0007765231445644e+05
257.50000000 1.0058365823373536e+05
257.75000000 1.0109075794975461e+05
258.00000000 1.0159894699126981e+05
258.25000000 1.0210822086916325e+05
258.50000000 1.0261857507663115e+05
258.75000000 1.0313000508936479e+05
259.00000000 1.0364250636573615e+05
259.25000000 1.0415607434698188e+05
259.50000000 1.0467070445738646e+05
259.75000000 1.0518639210446557e+05
260.00000000 1.0570313267915089e+05
260.25000000 1.0622092155597178e+05
260.50000000 1.0673975409323924e+05
260.75000000 1.0725962563322890e+05
261.00000000 1.0778053150236320e+05
261.25000000 1.0830246701139443e+05
261.50000000 1.0882542745558648e+05
261.75000000 1.0934940811489725e+05
262.00000000 1.0987440425416139e+05
262.25000000 1.1040041112326924e+05
262.50000000 1.1092742395735085e+05
262.75000000 1.1145543797695661e+05
263.00000000 1.1198444838823666e+05
263.25000000 1.1251445038312304e+05
263.50000000 1.1304543913950879e+05
263.75000000 1.1357740982142874e+05
264.00000000 1.1411035757923911e+05
264.25000000 1.1464427754979578e+05
264.50000000 1.1517916485663566e+05
264.75000000 1.1571501461015274e+05
265.00000000 1.1625182190777842e+05
265.25000000 1.1678958183415954e+05
265.50000000 1.1732828946133443e+05
265.75000000 1.1786793984891276e+05
266.00000000 1.1840852804425011e+05
266.25000000 1.1895004908262689e+05
266.50000000 1.1949249798742287e+05
266.75000000 1.2003586977029419e+05
267.00000000 1.2058015943134928e+05
267.25000000 1.2112536195932177e+05
267.50000000 1.2167147233174829e+05
267.75000000 1.2221848551514049e+05
268.00000000 1.2276639646516071e+05
268.25000000 1.2331520012679377e+05
268.50000000 1.2386489143452168e+05
268.75000000 1.2441546531249533e+05
269.00000000 1.2496691667470710e+05
269.25000000 1.2551924042516305e+05
269.50000000 1.2607243145805273e+05
269.75000000 1.2662648465792302e+05
270.00000000 1.2718139489984501e+05
270.25000000 1.2773715704958703e+05
270.50000000 1.2829376596378291e+05
270.75000000 1.2885121649009928e+05
271.00000000 1.2940950346740866e+05
271.25000000 1.2996862172595253e+05
271.50000000 1.3052856608751186e+05
271.75000000 1.3108933136557409e+05
272.00000000 1.3165091236549808e+05
272.25000000 1.3221330388468248e+05
272.50000000 1.3277650071272880e+05
272.75000000 1.3334049763160860e+05
273.00000000 1.3390528941582664e+05
273.25000000 1.3447087083258544e+05
273.50000000 1.3503723664194925e+05
273.75000000 1.3560438159700541e+05
274.00000000 1.3617230044402840e+05
274.25000000 1.3674098792264148e+05
274.50000000 1.3731043876597690e+05
274.75000000 1.3788064770083682e+05
275.00000000 1.3845160944785518e+05
275.25000000 1.3902331872165613e+05
275.50000000 1.3959577023101182e+05
275.75000000 1.4016895867900329e+05
276.00000000 1.4074287876317630e+05
276.25000000 1.4131752517570113e+05
276.50000000 1.4189289260352636e+05
276.75000000 1.4246897572853728e+05
277.00000000 1.4304576922771079e+05
277.25000000 1.4362326777326927e+05
277.50000000 1.4420146603283728e+05
277.75000000 1.4478035866959367e+05
278.00000000 1.4535994034242476e+05
278.25000000 1.4594020570607763e+05
278.50000000 1.4652114941131184e+05
278.75000000 1.4710276610505112e+05
279.00000000 1.4768505043053193e+05
279.25000000 1.4826799702745784e+05
279.50000000 1.4885160053214538e+05
279.75000000 1.4943585557767298e+05
280.00000000 1.5002075679403252e+05
280.25000000 1.5060629880827264e+05
280.50000000 1.5119247624464915e+05
280.75000000 1.5177928372476966e+05
281.00000000 1.5236671586773920e+05
281.25000000 1.5295476729030622e+05
281.50000000 1.5354343260700622e+05
281.75000000 1.5413270643030541e+05
282.00000000 1.5472258337074492e+05
282.25000000 1.5531305803708162e+05
282.50000000 1.5590412503643174e+05
282.75000000 1.5649577897441070e+05
283.00000000 1.5708801445527375e+05
283.25000000 1.5768082608205598e+05
283.50000000 1.5827420845671202e+05
283.75000000 1.5886815618025328e+05
284.00000000 1.5946266385288772e+05
284.25000000 1.6005772607415446e+05
284.50000000 1.6065333744306269e+05
284.75000000 1.6124949255822602e+05
285.00000000 1.6184618601799847e+05
285.25000000 1.6244341242060752e+05
285.50000000 1.6304116636428985e+05
285.75000000 1.6363944244742315e+05
286.00000000 1.6423823526865878e+05
286.25000000 1.6483753942705385e+05
286.50000000 1.6543734952220198e+05
286.75000000 1.6603766015436375e+05
287.00000000 1.6663846592459703e+05
287.25000000 1.6723976143488369e+05
287.50000000 1.6784154128826116e+05
287.75000000 1.6844380008894874e+05
288.00000000 1.6904653244247232e+05
288.25000000 1.6964973295579417e+05
288.50000000 1.7025339623743712e+05
288.75000000 1.7085751689760800e+05
289.00000000 1.7146208954832400e+05
289.25000000 1.7206710880353444e+05
289.50000000 1.7267256927924522e+05
289.75000000 1.7327846559363842e+05
290.00000000 1.7388479236719658e+05
290.25000000 1.7449154422282192e+05
290.50000000 1.7509871578595490e+05
290.75000000 1.7570630168469620e+05
291.00000000 1.7631429654992413e+05
291.25000000 1.7692269501541203e+05
291.50000000 1.7753149171794564e+05
291.75000000 1.7814068129744052e+05
292.00000000 1.7875025839705591e+05
292.25000000 1.7936021766331256e+05
292.50000000 1.7997055374620415e+05
292.75000000 1.8058126129931302e+05
293.00000000 1.8119233497992237e+05
293.25000000 1.8180376944912784e+05
293.50000000 1.8241555937195109e+05
293.75000000 1.8302769941744814e+05
294.00000000 1.8364018425882168e+05
294.25000000 1.8425300857352858e+05
294.50000000 1.8486616704339065e+05
294.75000000 1.8547965435470128e+05
295.00000000 1.8609346519833294e+05
295.25000000 1.8670759426984412e+05
295.50000000 1.8732203626958499e+05
295.75000000 1.8793678590280254e+05
296.00000000 1.8855183787974692e+05
296.25000000 1.8916718691577186e+05
296.50000000 1.8978282773144002e+05
296.75000000 1.9039875505262622e+05
297.00000000 1.9101496361061669e+05
297.25000000 1.9163144814221113e+05
297.50000000 1.9224820338982457e+05
297.75000000 1.9286522410158531e+05
298.00000000 1.9348250503143284e+05
298.25000000 1.9410004093921915e+05
298.50000000 1.9471782659080371e+05
298.75000000 1.9533585675815152e+05
299.00000000 1.9595412621942841e+05
299.25000000 1.9657262975909727e+05
299.50000000 1.9719136216801248e+05
299.75000000 1.9781031824351309e+05
300.00000000 1.9842949278951850e+05
300.25000000 1.9904888061661838e+05
300.50000000 1.9966847654216655e+05
300.75000000 2.0028827539037130e+05
301.00000000 2.0090827199238609e+05
301.25000000 2.0152846118640105e+05
301.50000000 2.0214883781772829e+05
301.75000000 2.0276939673889571e+05
302.00000000 2.0339013280973042e+05
302.25000000 2.0401104089744762e+05
302.50000000 2.0463211587673737e+05
302.75000000 2.0525335262985044e+05
303.00000000 2.0587474604668218e+05
303.25000000 2.0649629102485848e+05
303.50000000 2.0711798246981821e+05
303.75000000 2.0773981529489809e+05
304.00000000 2.0836178442141239e+05
304.25000000 2.0898388477873732e+05
304.50000000 2.0960611130439077e+05
304.75000000 2.1022845894411267e+05
305.00000000 2.1085092265194468e+05
305.25000000 2.1147349739031086e+05
305.50000000 2.1209617813009224e+05
305.75000000 2.1271895985070930e+05
306.00000000 2.1334183754019573e+05
306.25000000 2.1396480619527531e+05
306.50000000 2.1458786082143840e+05
306.75000000 2.1521099643301702e+05
307.00000000 2.1583420805325889e+05
307.25000000 2.1645749071440022e+05
307.50000000 2.1708083945774069e+05
307.75000000 2.1770424933371425e+05
308.00000000 2.1832771540196202e+05
308.25000000 2.1895123273140355e+05
308.50000000 2.1957479640030555e+05
308.75000000 2.2019840149635263e+05
309.00000000 2.2082204311671815e+05
309.25000000 2.2144571636813018e+05
309.50000000 2.2206941636694153e+05
309.75000000 2.2269313823919452e+05
310.00000000 2.2331687712069065e+05
310.25000000 2.2394062815705355e+05
310.50000000 2.2456438650379726e+05
310.75000000 2.2518814732638860e+05
311.00000000 2.2581190580031194e+05
311.25000000 2.2643565711113298e+05
311.50000000 2.2705939645456150e+05
311.75000000 2.2768311903651382e+05
312.00000000 2.2830682007317251e+05
312.25000000 2.2893049479105073e+05
312.50000000 2.2955413842704886e+05
312.75000000 2.3017774622851683e+05
313.00000000 2.3080131345331331e+05
313.25000000 2.3142483536986020e+05
313.50000000 2.3204830725720644e+05
313.75000000 2.3267172440508098e+05
314.00000000 2.3329508211395115e+05
314.25000000 2.3391837569507782e+05
314.50000000 2.3454160047057117e+05
314.75000000 2.3516475177344584e+05
315.00000000 2.3578782494767514e+05
315.25000000 2.3641081534824375e+05
315.50000000 2.3703371834120297e+05
315.75000000 2.3765652930371938e+05
316.00000000 2.3827924362412997e+05
316.25000000 2.3890185670199306e+05
316.50000000 2.3952436394813700e+05
316.75000000 2.4014676078471294e+05
317.00000000 2.4076904264524026e+05
317.25000000 2.4139120497466033e+05
317.50000000 2.4201324322938212e+05
317.75000000 2.4263515287732997e+05
318.00000000 2.4325692939799131e+05
318.25000000 2.4387856828246269e+05
318.50000000 2.4450006503349610e+05
318.75000000 2.4512141516554638e+05
319.00000000 2.4574261420481224e+05
319.25000000 2.4636365768928372e+05
319.50000000 2.4698454116878408e+05
319.75000000 2.4760526020501391e+05
320.00000000 2.4822581037159500e+05
320.25000000 2.4884618725410936e+05
320.50000000 2.4946638645014286e+05
320.75000000 2.5008640356932679e+05
321.00000000 2.5070623423337674e+05
321.25000000 2.5132587407613260e+05
321.50000000 2.5194531874359932e+05
321.75000000 2.5256456389398486e+05
322.00000000 2.5318360519773696e+05
322.25000000 2.5380243833758330e+05
322.50000000 2.5442105900856893e+05
322.75000000 2.5503946291808996e+05
323.00000000 2.5565764578593144e+05
323.25000000 2.5627560334430405e+05
323.50000000 2.5689333133787703e+05
323.75000000 2.5751082552381599e+05
324.00000000 2.5812808167181161e+05
324.25000000 2.5874509556411751e+05
324.50000000 2.5936186299558374e+05
324.75000000 2.5997837977368533e+05
325.00000000 2.6059464171855844e+05
325.25000000 2.6121064466302758e+05
325.50000000 2.6182638445264037e+05
325.75000000 2.6244185694569710e+05
326.00000000 2.6305705801327835e+05
326.25000000 2.6367198353927711e+05
326.50000000 2.6428662942042726e+05
326.75000000 2.6490099156633107e+05
327.00000000 2.6551506589948724e+05
327.25000000 2.6612884835531953e+05
327.50000000 2.6674233488220273e+05
327.75000000 2.6735552144148981e+05
328.00000000 2.6796840400753624e+05
328.25000000 2.6858097856772877e+05
328.50000000 2.6919324112250772e+05
328.75000000 2.6980518768539204e+05
329.00000000 2.7041681428300426e+05
329.25000000 2.7102811695509386e+05
329.50000000 2.7163909175455978e+05
329.75000000 2.7224973474747397e+05
330.00000000 2.7286004201310431e+05
330.25000000 2.7347000964393292e+05
330.50000000 2.7407963374568167e+05
330.75000000 2.7468891043733165e+05
331.00000000 2.7529783585114242e+05
331.25000000 2.7590640613267256e+05
331.50000000 2.7651461744079948e+05
331.75000000 2.7712246594773984e+05
332.00000000 2.7772994783906470e+05
332.25000000 2.7833705931372178e+05
332.50000000 2.7894379658404872e+05
332.75000000 2.7955015587579517e+05
333.00000000 2.8015613342813594e+05
333.25000000 2.8076172549368913e+05
333.50000000 2.8136692833853269e+05
333.75000000 2.8197173824221705e+05
334.00000000 2.8257615149778390e+05
334.25000000 2.8318016441177961e+05
334.50000000 2.8378377330426808e+05
334.75000000 2.8438697450884612e+05
335.00000000 2.8498976437265729e+05
335.25000000 2.8559213925640308e+05
335.50000000 2.8619409553435817e+05
335.75000000 2.8679562959438021e+05
336.00000000 2.8739673783792369e+05
336.25000000 2.8799741668004863e+05
336.50000000 2.8859766254943446e+05
336.75000000 2.8919747188839031e+05
337.00000000 2.8979684115286299e+05
337.25000000 2.9039576681244862e+05
337.50000000 2.9099424535040249e+05
337.75000000 2.9159227326364612e+05
338.00000000 2.9218984706277924e+05
338.25000000 2.9278696327208320e+05
338.50000000 2.9338361842953332e+05
338.75000000 2.9397980908680498e+05
339.00000000 2.9457553180927975e+05
339.25000000 2.9517078317605343e+05
339.50000000 2.9576555977994169e+05
339.75000000 2.9635985822748579e+05
340.00000000 2.9695367513895995e+05
340.25000000 2.9754700714837428e+05
340.50000000 2.9813985090348223e+05
340.75000000 2.9873220306578244e+05
341.00000000 2.9932406031052431e+05
341.25000000 2.9991541932671308e+05
341.50000000 3.0050627681711095e+05
341.75000000 3.0109662949824193e+05
342.00000000 3.0168647410039365e+05
342.25000000 3.0227580736761959e+05
342.50000000 3.0286462605774298e+05
342.75000000 3.0345292694235709e+05
343.00000000 3.0404070680682530e+05
343.25000000 3.0462796245028579e+05
343.50000000 3.0521469068564905e+05
343.75000000 3.0580088833959901e+05
344.00000000 3.0638655225259473e+05
344.25000000 3.0697167927886860e+05
344.50000000 3.0755626628642477e+05
344.75000000 3.0814031015704072e+05
345.00000000 3.0872380778626533e+05
345.25000000 3.0930675608341570e+05
345.50000000 3.0988915197157598e+05
345.75000000 3.1047099238759727e+05
346.00000000 3.1105227428209176e+05
346.25000000 3.1163299461943284e+05
346.50000000 3.1221315037774917e+05
346.75000000 3.1279273854892381e+05
347.00000000 3.1337175613858976e+05
347.25000000 3.1395020016612468e+05
347.50000000 3.1452806766464777e+05
347.75000000 3.1510535568101483e+05
348.00000000 3.1568206127581280e+05
348.25000000 3.1625818152335484e+05
348.50000000 3.1683371351167635e+05
348.75000000 3.1740865434252686e+05
349.00000000 3.1798300113136304e+05
349.25000000 3.1855675100734679e+05
349.50000000 3.1912990111333487e+05
349.75000000 3.1970244860587193e+05
350.00000000 3.2027439065518556e+05
350.25000000 3.2084572444517631e+05
350.50000000 3.2141644717341190e+05
350.75000000 3.2198655605111725e+05
351.00000000 3.2255604830316833e+05
351.25000000 3.2312492116808204e+05
351.50000000 3.2369317189800640e+05
351.75000000 3.2426079775871430e+05
352.00000000 3.2482779602959176e+05
352.25000000 3.2539416400362953e+05
352.50000000 3.2595989898741210e+05
352.75000000 3.2652499830110720e+05
353.00000000 3.2708945927845786e+05
353.25000000 3.2765327926676936e+05
353.50000000 3.2821645562689938e+05
353.75000000 3.2877898573324532e+05
354.00000000 3.2934086697373464e+05
354.25000000 3.2990209674981347e+05
354.50000000 3.3046267247643200e+05
354.75000000 3.3102259158203611e+05
355.00000000 3.3158185150855110e+05
355.25000000 3.3214044971137150e+05
355.50000000 3.3269838365934842e+05
355.75000000 3.3325565083477384e+05
356.00000000 3.3381224873337231e+05
356.25000000 3.3436817486427998e+05
356.50000000 3.3492342675003753e+05
356.75000000 3.3547800192657381e+05
357.00000000 3.3603189794319082e+05
357.25000000 3.3658511236254865e+05
357.50000000 3.3713764276065445e+05
357.75000000 3.3768948672684305e+05
358.00000000 3.3824064186376525e+05
358.25000000 3.3879110578736983e+05
358.50000000 3.3934087612689123e+05
358.75000000 3.3988995052482985e+05
359.00000000 3.4043832663693908e+05
359.25000000 3.4098600213220908e+05
359.50000000 3.4153297469284874e+05
359.75000000 3.4207924201426917e+05
360.00000000 3.4262480180506920e+05
360.25000000 3.4316965178701648e+05
360.50000000 3.4371378969503054e+05
360.75000000 3.4425721327716642e+05
361.00000000 3.4479992029459495e+05
361.25000000 3.4534190852158831e+05
361.50000000 3.4588317574549874e+05
361.75000000 3.4642371976674331e+05
362.00000000 3.4696353839878365e+05
362.25000000 3.4750262946810748e+05
362.50000000 3.4804099081421189e+05
362.75000000 3.4857862028958241e+05
363.00000000 3.4911551575967530e+05
363.25000000 3.4965167510289606e+05
363.50000000 3.5018709621058404e+05
363.75000000 3.5072177698699024e+05
364.00000000 3.5125571534925717e+05
364.25000000 3.5178890922740084e+05
364.50000000 3.5232135656428849e+05
364.75000000 3.5285305531562032e+05
365.00000000 3.5338400344990788e+05
365.25000000 3.5391419894845528e+05
365.50000000 3.5444363980533584e+05
365.75000000 3.5497232402737229e+05
366.00000000 3.5550024963411747e+05
366.25000000 3.5602741465783084e+05
366.50000000 3.5655381714345812e+05
366.75000000 3.5707945514860889e+05
367.00000000 3.5760432674353739e+05
367.25000000 3.5812843001111725e+05
367.50000000 3.5865176304682245e+05
367.75000000 3.5917432395870378e+05
368.00000000 3.5969611086736707e+05
368.25000000 3.6021712190595042e+05
368.50000000 3.6073735522010142e+05
368.75000000 3.6125680896795733e+05
369.00000000 3.6177548132011626e+05
369.25000000 3.6229337045962230e+05
369.50000000 3.6281047458193364e+05
369.75000000 3.6332679189490597e+05
370.00000000 3.6384232061876799e+05
370.25000000 3.6435705898609560e+05
370.50000000 3.6487100524178793e+05
370.75000000 3.6538415764304902e+05
371.00000000 3.6589651445935731e+05
371.25000000 3.6640807397244527e+05
371.50000000 3.6691883447627525e+05
371.75000000 3.6742879427701380e+05
372.00000000 3.6793795169300836e+05
372.25000000 3.6844630505476275e+05
372.50000000 3.6895385270491207e+05
372.75000000 3.6946059299819841e+05
373.00000000 3.6996652430144564e+05
373.25000000 3.7047164499353495e+05
373.50000000 3.7097595346537931e+05
373.75000000 3.7147944811990036e+05
374.00000000 3.7198212737199845e+05
374.25000000 3.7248398964853125e+05
374.50000000 3.7298503338828974e+05
374.75000000 3.7348525704196602e+05
375.00000000 3.7398465907213546e+05
375.25000000 3.7448323795322416e+05
375.50000000 3.7498099217148736e+05
375.75000000 3.7547792022498307e+05
376.00000000 3.7597402062354377e+05
376.25000000 3.7646929188875196e+05
376.50000000 3.7696373255391343e+05
376.75000000 3.7745734116403124e+05
377.00000000 3.7795011627577798e+05
377.25000000 3.7844205645747145e+05
377.50000000 3.7893316028904577e+05
377.75000000 3.7942342636202602e+05
378.00000000 3.7991285327950068e+05
378.25000000 3.8040143965609517e+05
378.50000000 3.8088918411794532e+05
378.75000000 3.8137608530266845e+05
379.00000000 3.8186214185933897e+05
379.25000000 3.8234735244845768e+05
379.50000000 3.8283171574192785e+05
379.75000000 3.8331523042302759e+05
380.00000000 3.8379789518637682e+05
380.25000000 3.8427970873791882e+05
380.50000000 3.8476066979488416e+05
380.75000000 3.8524077708576969e+05
381.00000000 3.8572002935030655e+05
381.25000000 3.8619842533943086e+05
381.50000000 3.8667596381526289e+05
381.75000000 3.8715264355107176e+05
382.00000000 3.8762846333125199e+05
382.25000000 3.8810342195129016e+05
382.50000000 3.8857751821774518e+05
382.75000000 3.8905075094821147e+05
383.00000000 3.8952311897129600e+05
383.25000000 3.8999462112658704e+05
383.50000000 3.9046525626462715e+05
383.75000000 3.9093502324688539e+05
384.00000000 3.9140392094572593e+05
384.25000000 3.9187194824438257e+05
384.50000000 3.9233910403692897e+05
384.75000000 3.9280538722824829e+05
385.00000000 3.9327079673400731e+05
385.25000000 3.9373533148062503e+05
385.50000000 3.9419899040524667e+05
385.75000000 3.9466177245571016e+05
386.00000000 3.9512367659052263e+05
386.25000000 3.9558470177882741e+05
386.50000000 3.9604484700037516e+05
386.75000000 3.9650411124549893e+05
387.00000000 3.9696249351508007e+05
387.25000000 3.9741999282051862e+05
387.50000000 3.9787660818371060e+05
387.75000000 3.9833233863701182e+05
388.00000000 3.9878718322321109e+05
388.25000000 3.9924114099550154e+05
388.50000000 3.9969421101744944e+05
388.75000000 4.0014639236296748e+05
389.00000000 4.0059768411628297e+05
389.25000000 4.0104808537190786e+05
389.50000000 4.0149759523461072e+05
389.75000000 4.0194621281938796e+05
390.00000000 4.0239393725143111e+05
390.25000000 4.0284076766610006e+05
390.50000000 4.0328670320889127e+05
390.75000000 4.0373174303540954e+05
391.00000000 4.0417588631133788e+05
391.25000000 4.0461913221240719e+05
391.50000000 4.0506147992436617e+05
391.75000000 4.0550292864295468e+05
392.00000000 4.0594347757386713e+05
392.25000000 4.0638312593272910e+05
392.50000000 4.0682187294506619e+05
392.75000000 4.0725971784627088e+05
393.00000000 4.0769665988157375e+05
393.25000000 4.0813269830601785e+05
393.50000000 4.0856783238442190e+05
393.75000000 4.0900206139135495e+05
394.00000000 4.0943538461110508e+05
394.25000000 4.0986780133764801e+05
394.50000000 4.1029931087461923e+05
394.75000000 4.1072991253528261e+05
395.00000000 4.1115960564249981e+05
395.25000000 4.1158838952870172e+05
395.50000000 4.1201626353585691e+05
395.75000000 4.1244322701544210e+05
396.00000000 4.1286927932841209e+05
396.25000000 4.1329441984516842e+05
396.50000000 4.1371864794553193e+05
396.75000000 4.1414196301870822e+05
397.00000000 4.1456436446326302e+05
397.25000000 4.1498585168708512e+05
397.50000000 4.1540642410736461e+05
397.75000000 4.1582608115055365e+05
398.00000000 4.1624482225234190e+05
398.25000000 4.1666264685762627e+05
398.50000000 4.1707955442047771e+05
398.75000000 4.1749554440411372e+05
399.00000000 4.1791061628086469e+05
399.25000000 4.1832476953214908e+05
399.50000000 4.1873800364843715e+05
399.75000000 4.1915031812922552e+05
400.00000000 4.1956171248300315e+05
400.25000000 4.1997218622722407e+05
400.50000000 4.2038173888827465e+05
400.75000000 4.2079037000144593e+05
401.00000000 4.2119807911090058e+05
401.25000000 4.2160486576964520e+05
401.50000000 4.2201072953949746e+05
401.75000000 4.2241566999105940e+05
402.00000000 4.2281968670368189e+05
402.25000000 4.2322277926544234e+05
402.50000000 4.2362494727310445e+05
402.75000000 4.2402619033209654e+05
403.00000000 4.2442650805647712e+05
403.25000000 4.2482590006890503e+05
403.50000000 4.2522436600061244e+05
403.75000000 4.2562190549136797e+05
404.00000000 4.2601851818945253e+05
404.25000000 4.2641420375162945e+05
404.50000000 4.2680896184310876e+05
404.75000000 4.2720279213752091e+05
405.00000000 4.2759569431688858e+05
405.25000000 4.2798766807159112e+05
405.50000000 4.2837871310033969e+05
405.75000000 4.2876882911014365e+05
406.00000000 4.2915801581628231e+05
406.25000000 4.2954627294227388e+05
406.50000000 4.2993360021984647e+05
406.75000000 4.3031999738890718e+05
407.00000000 4.3070546419751295e+05
407.25000000 4.3109000040183967e+05
407.50000000 4.3147360576615244e+05
407.75000000 4.3185628006277571e+05
408.00000000 4.3223802307206450e+05
408.25000000 4.3261883458237193e+05
408.50000000 4.3299871439002239e+05
408.75000000 4.3337766229927901e+05
409.00000000 4.3375567812231556e+05
409.25000000 4.3413276167918585e+05
409.50000000 4.3450891279779514e+05
409.75000000 4.3488413131386641e+05
410.00000000 4.3525841707091714e+05
410.25000000 4.3563176992022479e+05
410.50000000 4.3600418972079683e+05
410.75000000 4.3637567633934569e+05
411.00000000 4.3674622965025186e+05
411.25000000 4.3711584953554301e+05
411.50000000 4.3748453588485700e+05
411.75000000 4.3785228859541583e+05
412.00000000 4.3821910757199500e+05
412.25000000 4.3858499272689625e+05
412.50000000 4.3894994397991418e+05
412.75000000 4.3931396125830984e+05
413.00000000 4.3967704449678061e+05
413.25000000 4.4003919363743073e+05
413.50000000 4.4040040862974140e+05
413.75000000 4.4076068943054217e+05
414.00000000 4.4112003600398067e+05
414.25000000 4.4147844832149678e+05
414.50000000 4.4183592636178702e+05
414.75000000 4.4219247011078073e+05
415.00000000 4.4254807956161024e+05
415.25000000 4.4290275471458025e+05
415.50000000 4.4325649557713786e+05
415.75000000 4.4360930216384586e+05
416.00000000 4.4396117449635389e+05
416.25000000 4.4431211260336719e+05
416.50000000 4.4466211652061885e+05
416.75000000 4.4501118629084167e+05
417.00000000 4.4535932196373702e+05
417.25000000 4.4570652359594911e+05
417.50000000 4.4605279125103395e+05
417.75000000 4.4639812499943073e+05
418.00000000 4.4674252491843485e+05
418.25000000 4.4708599109216698e+05
418.50000000 4.4742852361154568e+05
418.75000000 4.4777012257425865e+05
419.00000000 4.4811078808473446e+05
419.25000000 4.4845052025411295e+05
419.50000000 4.4878931920021836e+05
419.75000000 4.4912718504752935e+05
420.00000000 4.4946411792715098e+05
420.25000000 4.4980011797678843e+05
420.50000000 4.5013518534071452e+05
420.75000000 4.5046932016974501e+05
421.00000000 4.5080252262120933e+05
421.25000000 4.5113479285892315e+05
421.50000000 4.5146613105315645e+05
421.75000000 4.5179653738061152e+05
422.00000000 4.5212601202438952e+05
422.25000000 4.5245455517396657e+05
422.50000000 4.5278216702516290e+05
422.75000000 4.5310884778011416e+05
423.00000000 4.5343459764724947e+05
423.25000000 4.5375941684125591e+05
423.50000000 4.5408330558305624e+05
423.75000000 4.5440626409977750e+05
424.00000000 4.5472829262472643e+05
424.25000000 4.5504939139736083e+05
424.50000000 4.5536956066325947e+05
424.75000000 4.5568880067409913e+05
425.00000000 4.5600711168762273e+05
425.25000000 4.5632449396761501e+05
425.50000000 4.5664094778387330e+05
425.75000000 4.5695647341218003e+05
426.00000000 4.5727107113427948e+05
426.25000000 4.5758474123784190e+05
426.50000000 4.5789748401644529e+05
426.75000000 4.5820929976954492e+05
427.00000000 4.5852018880244391e+05
427.25000000 4.5883015142626833e+05
427.50000000 4.5913918795794219e+05
427.75000000 4.5944729872015474e+05
428.00000000 4.5975448404134030e+05
428.25000000 4.6006074425564666e+05
428.50000000 4.6036607970291050e+05
428.75000000 4.6067049072862917e+05
429.00000000 4.6097397768393543e+05
429.25000000 4.6127654092557030e+05
429.50000000 4.6157818081585574e+05
429.75000000 4.6187889772266883e+05
430.00000000 4.6217869201941561e+05
430.25000000 4.6247756408500427e+05
430.50000000 4.6277551430381782e+05
430.75000000 4.6307254306568863e+05
431.00000000 4.6336865076587431e+05
431.25000000 4.6366383780502569e+05
431.50000000 4.6395810458916705e+05
431.75000000 4.6425145152966591e+05
432.00000000 4.6454387904320983e+05
432.25000000 4.6483538755177654e+05
432.50000000 4.6512597748261160e+05
432.75000000 4.6541564926820085e+05
433.00000000 4.6570440334624605e+05
433.25000000 4.6599224015963700e+05
433.50000000 4.6627916015642497e+05
433.75000000 4.6656516378980182e+05
434.00000000 4.6685025151807046e+05
434.25000000 4.6713442380461865e+05
434.50000000 4.6741768111789657e+05
434.75000000 4.6770002393138944e+05
435.00000000 4.6798145272359235e+05
435.25000000 4.6826196797798475e+05
435.50000000 4.6854157018300547e+05
435.75000000 4.6882025983202871e+05
436.00000000 4.6909803742333589e+05
436.25000000 4.6937490346009302e+05
436.50000000 4.6965085845032486e+05
436.75000000 4.6992590290689014e+05
437.00000000 4.7020003734745586e+05
437.25000000 4.7047326229447330e+05
437.50000000 4.7074557827515242e+05
437.75000000 4.7101698582143884e+05
438.00000000 4.7128748546998651e+05
438.25000000 4.7155707776213350e+05
438.50000000 4.7182576324388065e+05
438.75000000 4.7209354246586200e+05
439.00000000 4.7236041598332557e+05
439.25000000 4.7262638435610419e+05
439.50000000 4.7289144814859313e+05
439.75000000 4.7315560792972753e+05
440.00000000 4.7341886427295505e+05
440.25000000 4.7368121775621414e+05
440.50000000 4.7394266896190750e+05
440.75000000 4.7420321847688104e+05
441.00000000 4.7446286689239705e+05
441.25000000 4.7472161480411090e+05
441.50000000 4.7497946281205019e+05
441.75000000 4.7523641152058553e+05
442.00000000 4.7549246153841092e+05
442.25000000 4.7574761347851856e+05
442.50000000 4.7600186795817479e+05
442.75000000 4.7625522559889971e+05
443.00000000 4.7650768702643667e+05
443.25000000 4.7675925287073560e+05
443.50000000 4.7700992376592732e+05
443.75000000 4.7725970035030035e+05
444.00000000 4.7750858326627431e+05
444.25000000 4.7775657316038257e+05
444.50000000 4.7800367068324500e+05
444.75000000 4.7824987648954638e+05
445.00000000 4.7849519123801327e+05
445.25000000 4.7873961559138796e+05
445.50000000 4.7898315021641151e+05
445.75000000 4.7922579578379676e+05
446.00000000 4.7946755296820524e+05
446.25000000 4.7970842244822637e+05
446.50000000 4.7994840490635356e+05
446.75000000 4.8018750102896278e+05
447.00000000 4.8042571150628768e+05
447.25000000 4.8066303703240008e+05
447.50000000 4.8089947830518492e+05
447.75000000 4.8113503602631943e+05
448.00000000 4.8136971090125054e+05
448.25000000 4.8160350363917137e+05
448.50000000 4.8183641495300084e+05
448.75000000 4.8206844555936090e+05
449.00000000 4.8229959617855435e+05
449.25000000 4.8252986753454129e+05
449.50000000 4.8275926035492070e+05
449.75000000 4.8298777537090523e+05
450.00000000 4.8321541331730166e+05
450.25000000 4.8344217493248492e+05
450.50000000 4.8366806095838407e+05
450.75000000 4.8389307214045333e+05
451.00000000 4.8411720922765322e+05
451.25000000 4.8434047297242947e+05
451.50000000 4.8456286413069227e+05
451.75000000 4.8478438346179138e+05
452.00000000 4.8500503172849969e+05
452.25000000 4.8522480969698756e+05
452.50000000 4.8544371813680406e+05
452.75000000 4.8566175782085484e+05
453.00000000 4.8587892952538253e+05
453.25000000 4.8609523402994266e+05
453.50000000 4.8631067211738630e+05
453.75000000 4.8652524457383621e+05
454.00000000 4.8673895218866755e+05
454.25000000 4.8695179575448640e+05
454.50000000 4.8716377606711129e+05
454.75000000 4.8737489392554725e+05
455.00000000 4.8758515013197076e+05
455.25000000 4.8779454549170693e+05
455.50000000 4.8800308081320761e+05
455.75000000 4.8821075690803526e+05
456.00000000 4.8841757459083619e+05
456.25000000 4.8862353467932617e+05
456.50000000 4.8882863799426745e+05
456.75000000 4.8903288535944908e+05
457.00000000 4.8923627760166640e+05
457.25000000 4.8943881555070030e+05
457.50000000 4.8964050003930065e+05
457.75000000 4.8984133190316102e+05
458.00000000 4.9004131198090466e+05
458.25000000 4.9024044111405924e+05
458.50000000 4.9043872014704120e+05
458.75000000 4.9063614992713375e+05
459.00000000 4.9083273130446853e+05
459.25000000 4.9102846513200493e+05
459.50000000 4.9122335226551158e+05
459.75000000 4.9141739356354653e+05
460.00000000 4.9161058988743706e+05
460.25000000 4.9180294210126239e+05
460.50000000 4.9199445107183309e+05
460.75000000 4.9218511766866961e+05
461.00000000 4.9237494276398863e+05
461.25000000 4.9256392723267886e+05
461.50000000 4.9275207195228571e+05
461.75000000 4.9293937780298945e+05
462.00000000 4.9312584566758678e+05
462.25000000 4.9331147643147479e+05
462.50000000 4.9349627098262886e+05
462.75000000 4.9368023021158535e+05
463.00000000 4.9386335501142341e+05
463.25000000 4.9404564627774531e+05
463.50000000 4.9422710490865837e+05
463.75000000 4.9440773180475732e+05
464.00000000 4.9458752786910406e+05
464.25000000 4.9476649400721217e+05
464.50000000 4.9494463112702459e+05
464.75000000 4.9512194013889978e+05
465.00000000 4.9529842195558985e+05
465.25000000 4.9547407749222510e+05
465.50000000 4.9564890766629472e+05
465.75000000 4.9582291339762841e+05
466.00000000 4.9599609560837958e+05
466.25000000 4.9616845522300835e+05
466.50000000 4.9633999316826073e+05
466.75000000 4.9651071037315193e+05
467.00000000 4.9668060776895034e+05
467.25000000 4.9684968628916045e+05
467.50000000 4.9701794686950115e+05
467.75000000 4.9718539044789178e+05
468.00000000 4.9735201796443452e+05
468.25000000 4.9751783036139439e+05
468.50000000 4.9768282858318579e+05
468.75000000 4.9784701357635146e+05
469.00000000 4.9801038628954830e+05
469.25000000 4.9817294767352822e+05
469.50000000 4.9833469868112222e+05
469.75000000 4.9849564026722242e+05
470.00000000 4.9865577338876628e+05
470.25000000 4.9881509900471842e+05
470.50000000 4.9897361807605485e+05
470.75000000 4.9913133156574517e+05
471.00000000 4.9928824043873663e+05
471.25000000 4.9944434566193837e+05
471.50000000 4.9959964820420137e+05
471.75000000 4.9975414903630526e+05
472.00000000 4.9990784913094208e+05
472.25000000 5.0006074946269556e+05
472.50000000 5.0021285100803239e+05
472.75000000 5.0036415474527539e+05
473.00000000 5.0051466165459715e+05
473.25000000 5.0066437271799939e+05
473.50000000 5.0081328891929588e+05
473.75000000 5.0096141124409746e+05
474.00000000 5.0110874067979772e+05
474.25000000 5.0125527821555524e+05
474.50000000 5.0140102484227682e+05
474.75000000 5.0154598155260389e+05
475.00000000 5.0169014934089460e+05
475.25000000 5.0183352920321113e+05
475.50000000 5.0197612213729910e+05
475.75000000 5.0211792914257740e+05
476.00000000 5.0225895122011803e+05
476.25000000 5.0239918937263428e+05
476.50000000 5.0253864460446255e+05
476.75000000 5.0267731792154792e+05
477.00000000 5.0281521033143072e+05
477.25000000 5.0295232284322666e+05
477.50000000 5.0308865646761627e+05
477.75000000 5.0322421221682749e+05
478.00000000 5.0335899110462080e+05
478.25000000 5.0349299414627411e+05
478.50000000 5.0362622235856875e+05
478.75000000 5.0375867675977206e+05
479.00000000 5.0389035836962675e+05
479.25000000 5.0402126820933132e+05
479.50000000 5.0415140730152809e+05
479.75000000 5.0428077667028795e+05
480.00000000 5.0440937734109588e+05
480.25000000 5.0453721034083545e+05
480.50000000 5.0466427669777616e+05
480.75000000 5.0479057744155586e+05
481.00000000 5.0491611360316997e+05
481.25000000 5.0504088621495408e+05
481.50000000 5.0516489631057193e+05
481.75000000 5.0528814492499823e+05
482.00000000 5.0541063309450762e+05
482.25000000 5.0553236185665982e+05
482.50000000 5.0565333225028258e+05
482.75000000 5.0577354531546187e+05
483.00000000 5.0589300209352566e+05
483.25000000 5.0601170362703054e+05
483.50000000 5.0612965095974499e+05
483.75000000 5.0624684513664048e+05
484.00000000 5.0636328720387595e+05
484.25000000 5.0647897820878174e+05
484.50000000 5.0659391919984698e+05
484.75000000 5.0670811122670944e+05
485.00000000 5.0682155534013710e+05
485.25000000 5.0693425259201607e+05
485.50000000 5.0704620403534023e+05
485.75000000 5.0715741072419233e+05
486.00000000 5.0726787371373706e+05
486.25000000 5.0737759406020085e+05
486.50000000 5.0748657282086479e+05
486.75000000 5.0759481105404743e+05
487.00000000 5.0770230981909344e+05
487.25000000 5.0780907017636014e+05
487.50000000 5.0791509318720439e+05
487.75000000 5.0802037991397019e+05
488.00000000 5.0812493141997361e+05
488.25000000 5.0822874876949342e+05
488.50000000 5.0833183302775538e+05
488.75000000 5.0843418526092079e+05
489.00000000 5.0853580653607263e+05
489.25000000 5.0863669792120572e+05
489.50000000 5.0873686048521026e+05
489.75000000 5.0883629529786162e+05
490.00000000 5.0893500342980778e+05
490.25000000 5.0903298595255730e+05
490.50000000 5.0913024393846246e+05
490.75000000 5.0922677846071543e+05
491.00000000 5.0932259059332788e+05
491.25000000 5.0941768141112244e+05
491.50000000 5.0951205198971980e+05
491.75000000 5.0960570340552868e+05
492.00000000 5.0969863673573005e+05
492.25000000 5.0979085305826616e+05
492.50000000 5.0988235345183074e+05
492.75000000 5.0997313899585494e+05
493.00000000 5.1006321077049704e+05
493.25000000 5.1015256985662715e+05
493.50000000 5.1024121733581991e+05
493.75000000 5.1032915429034136e+05
494.00000000 5.1041638180313364e+05
494.25000000 5.1050290095780848e+05
494.50000000 5.1058871283863444e+05
494.75000000 5.1067381853052176e+05
495.00000000 5.1075821911901433e+05
495.25000000 5.1084191569027910e+05
495.50000000 5.1092490933109028e+05
495.75000000 5.1100720112882252e+05
496.00000000 5.1108879217143817e+05
496.25000000 5.1116968354747252e+05
496.50000000 5.1124987634602998e+05
496.75000000 5.1132937165676540e+05
497.00000000 5.1140817056987900e+05
497.25000000 5.1148627417609852e+05
497.50000000 5.1156368356667692e+05
497.75000000 5.1164039983337262e+05
498.00000000 5.1171642406844697e+05
498.25000000 5.1179175736464519e+05
498.50000000 5.1186640081519168e+05
498.75000000 5.1194035551377607e+05
499.00000000 5.1201362255454459e+05
499.25000000 5.1208620303208719e+05
499.50000000 5.1215809804142849e+05
499.75000000 5.1222930867801758e+05
500.00000000 5.1229983603771531e+05
500.25000000 5.1236968121678650e+05
500.50000000 5.1243884531188715e+05
500.75000000 5.1250732942005416e+05
501.00000000 5.1257513463869988e+05
501.25000000 5.1264226206559286e+05
501.50000000 5.1270871279885591e+05
501.75000000 5.1277448793695186e+05
502.00000000 5.1283958857867226e+05
502.25000000 5.1290401582313230e+05
502.50000000 5.1296777076975553e+05
502.75000000 5.1303085451826645e+05
503.00000000 5.1309326816867909e+05
503.25000000 5.1315501282128965e+05
503.50000000 5.1321608957666374e+05
503.75000000 5.1327649953562848e+05
504.00000000 5.1333624379926122e+05
504.25000000 5.1339532346888055e+05
504.50000000 5.1345373964603787e+05
504.75000000 5.1351149343250430e+05
505.00000000 5.1356858593026630e+05
505.25000000 5.1362501824150974e+05
505.50000000 5.1368079146861553e+05
505.75000000 5.1373590671414812e+05
506.00000000 5.1379036508084717e+05
506.25000000 5.1384416767161433e+05
506.50000000 5.1389731558950897e+05
506.75000000 5.1394980993773777e+05
507.00000000 5.1400165181964176e+05
507.25000000 5.1405284233869112e+05
507.50000000 5.1410338259847596e+05
507.75000000 5.1415327370269177e+05
508.00000000 5.1420251675513934e+05
508.25000000 5.1425111285970896e+05
508.50000000 5.1429906312037067e+05
508.75000000 5.1434636864117213e+05
509.00000000 5.1439303052622330e+05
509.25000000 5.1443904987968854e+05
509.50000000 5.1448442780578317e+05
509.75000000 5.1452916540875612e+05
510.00000000 5.1457326379288780e+05
510.25000000 5.1461672406247869e+05
510.50000000 5.1465954732184159e+05
510.75000000 5.1470173467529303e+05
511.00000000 5.1474328722714336e+05
511.25000000 5.1478420608168875e+05
511.50000000 5.1482449234320410e+05
511.75000000 5.1486414711593417e+05
512.00000000 5.1490317150408239e+05
512.25000000 5.1494156661180739e+05
512.50000000 5.1497933354321070e+05
512.75000000 5.1501647340232803e+05
513.00000000 5.1505298729312676e+05
513.25000000 5.1508887631949020e+05
513.50000000 5.1512414158521441e+05
513.75000000 5.1515878419399803e+05
514.00000000 5.1519280524943670e+05
514.25000000 5.1522620585501043e+05
514.50000000 5.1525898711408046e+05
514.75000000 5.1529115012987802e+05
515.00000000 5.1532269600549724e+05
515.25000000 5.1535362584388955e+05
515.50000000 5.1538394074785046e+05
515.75000000 5.1541364182001981e+05
516.00000000 5.1544273016286519e+05
516.25000000 5.1547120687868004e+05
516.50000000 5.1549907306957437e+05
516.75000000 5.1552632983746816e+05
517.00000000 5.1555297828407993e+05
517.25000000 5.1557901951092412e+05
517.50000000 5.1560445461930172e+05
517.75000000 5.1562928471029003e+05
518.00000000 5.1565351088474039e+05
518.25000000 5.1567713424326619e+05
518.50000000 5.1570015588623728e+05
518.75000000 5.1572257691377477e+05
519.00000000 5.1574439842573885e+05
519.25000000 5.1576562152172526e+05
519.50000000 5.1578624730105908e+05
519.75000000 5.1580627686278318e+05
520.00000000 5.1582571130565362e+05
520.25000000 5.1584455172813387e+05
520.50000000 5.1586279922838614e+05
520.75000000 5.1588045490426256e+05
521.00000000 5.1589751985330239e+05
521.25000000 5.1591399517272174e+05
521.50000000 5.1592988195940800e+05
521.75000000 5.1594518130991264e+05
522.00000000 5.1595989432044374e+05
522.25000000 5.1597402208686119e+05
522.50000000 5.1598756570466765e+05
522.75000000 5.1600052626900200e+05
523.00000000 5.1601290487463592e+05
523.25000000 5.1602470261596207e+05
523.50000000 5.1603592058699002e+05
523.75000000 5.1604655988134316e+05
524.00000000 5.1605662159224442e+05
524.25000000 5.1606610681251588e+05
524.50000000 5.1607501663457148e+05
524.75000000 5.1608335215040710e+05
525.00000000 5.1609111445159873e+05
525.25000000 5.1609830462929275e+05
525.50000000 5.1610492377420195e+05
525.75000000 5.1611097297659569e+05
526.00000000 5.1611645332629862e+05
526.25000000 5.1612136591267958e+05
526.50000000 5.1612571182465006e+05
526.75000000 5.1612949215065321e+05
527.00000000 5.1613270797866001e+05
527.25000000 5.1613536039616610e+05
527.50000000 5.1613745049017930e+05
527.75000000 5.1613897934721969e+05
528.00000000 5.1613994805331022e+05
528.25000000 5.1614035769396991e+05
528.50000000 5.1614020935421239e+05
528.75000000 5.1613950411853561e+05
529.00000000 5.1613824307091744e+05
529.25000000 5.1613642729480995e+05
529.50000000 5.1613405787313485e+05
529.75000000 5.1613113588827418e+05
530.00000000 5.1612766242206912e+05
530.25000000 5.1612363855581114e+05
530.50000000 5.1611906537023687e+05
530.75000000 5.1611394394552265e+05
531.00000000 5.1610827536128025e+05
531.25000000 5.1610206069654989e+05
531.50000000 5.1609530102979334e+05
531.75000000 5.1608799743889208e+05
532.00000000 5.1608015100113896e+05
532.25000000 5.1607176279323385e+05
532.50000000 5.1606283389127720e+05
532.75000000 5.1605336537076667e+05
533.00000000 5.1604335830658895e+05
533.25000000 5.1603281377301784e+05
533.50000000 5.1602173284370557e+05
533.75000000 5.1601011659168144e+05
534.00000000 5.1599796608934138e+05
534.25000000 5.1598528240844695e+05
534.50000000 5.1597206662012037e+05
534.75000000 5.1595831979483622e+05
535.00000000 5.1594404300241807e+05
535.25000000 5.1592923731203511e+05
535.50000000 5.1591390379219217e+05
535.75000000 5.1589804351073247e+05
536.00000000 5.1588165753482509e+05
536.25000000 5.1586474693096377e+05
536.50000000 5.1584731276496034e+05
536.75000000 5.1582935610194335e+05
537.00000000 5.1581087800634850e+05
537.25000000 5.1579187954191753e+05
537.50000000 5.1577236177169043e+05
537.75000000 5.1575232575800293e+05
538.00000000 5.1573177256248094e+05
538.25000000 5.1571070324603707e+05
538.50000000 5.1568911886886228e+05
538.75000000 5.1566702049042471e+05
539.00000000 5.1564440916946647e+05
539.25000000 5.1562128596399346e+05
539.50000000 5.1559765193127608e+05
539.75000000 5.1557350812784140e+05
540.00000000 5.1554885560947016e+05
540.25000000 5.1552369543119334e+05
540.50000000 5.1549802864728408e+05
540.75000000 5.1547185631125898e+05
541.00000000 5.1544517947586725e+05
541.25000000 5.1541799919309001e+05
541.50000000 5.1539031651413691e+05
541.75000000 5.1536213248943974e+05
542.00000000 5.1533344816864782e+05
542.25000000 5.1530426460062480e+05
542.50000000 5.1527458283344668e+05
542.75000000 5.1524440391439118e+05
543.00000000 5.1521372888994159e+05
543.25000000 5.1518255880577676e+05
543.50000000 5.1515089470676833e+05
543.75000000 5.1511873763697885e+05
544.00000000 5.1508608863965544e+05
544.25000000 5.1505294875722617e+05
544.50000000 5.1501931903129752e+05
544.75000000 5.1498520050264703e+05
545.00000000 5.1495059421122371e+05
545.25000000 5.1491550119614118e+05
545.50000000 5.1487992249567382e+05
545.75000000 5.1484385914725449e+05
546.00000000 5.1480731218747079e+05
546.25000000 5.1477028265205771e+05
546.50000000 5.1473277157589881e+05
546.75000000 5.1469477999301959e+05
547.00000000 5.1465630893658270e+05
547.25000000 5.1461735943888687e+05
547.50000000 5.1457793253136403e+05
547.75000000 5.1453802924456960e+05
548.00000000 5.1449765060818678e+05
548.25000000 5.1445679765101802e+05
548.50000000 5.1441547140098072e+05
548.75000000 5.1437367288510810e+05
549.00000000 5.1433140312954254e+05
549.25000000 5.1428866315953084e+05
549.50000000 5.1424545399942447e+05
549.75000000 5.1420177667267399e+05
550.00000000 5.1415763220182498e+05
550.25000000 5.1411302160851657e+05
550.50000000 5.1406794591347518e+05
550.75000000 5.1402240613651433e+05
551.00000000 5.1397640329653025e+05
551.25000000 5.1392993841149600e+05
551.50000000 5.1388301249846403e+05
551.75000000 5.1383562657355523e+05
552.00000000 5.1378778165196162e+05
552.25000000 5.1373947874794324e+05
552.50000000 5.1369071887481911e+05
552.75000000 5.1364150304497126e+05
553.00000000 5.1359183226983534e+05
553.25000000 5.1354170755990350e+05
553.50000000 5.1349112992471521e+05
553.75000000 5.1344010037285992e+05
554.00000000 5.1338861991196987e+05
554.25000000 5.1333668954871746e+05
554.50000000 5.1328431028881529e+05
554.75000000 5.1323148313700984e+05
555.00000000 5.1317820909708092e+05
555.25000000 5.1312448917183658e+05
555.50000000 5.1307032436311152e+05
555.75000000 5.1301571567176364e+05
556.00000000 5.1296066409767244e+05
556.25000000 5.1290517063973437e+05
556.50000000 5.1284923629586090e+05
556.75000000 5.1279286206297652e+05
557.00000000 5.1273604893701337e+05
557.25000000 5.1267879791291256e+05
557.50000000 5.1262110998461669e+05
557.75000000 5.1256298614507058e+05
558.00000000 5.1250442738621816e+05
558.25000000 5.1244543469899864e+05
558.50000000 5.1238600907334371e+05
558.75000000 5.1232615149817715e+05
559.00000000 5.1226586296140926e+05
559.25000000 5.1220514444993582e+05
559.50000000 5.1214399694963603e+05
559.75000000 5.1208242144537019e+05
560.00000000 5.1202041892097349e+05
560.25000000 5.1195799035925884e+05
560.50000000 5.1189513674201182e+05
560.75000000 5.1183185904998716e+05
561.00000000 5.1176815826290811e+05
561.25000000 5.1170403535946336e+05
561.50000000 5.1163949131730391e+05
561.75000000 5.1157452711304283e+05
562.00000000 5.1150914372225048e+05
562.25000000 5.1144334211945371e+05
562.50000000 5.1137712327813241e+05
562.75000000 5.1131048817071895e+05
563.00000000 5.1124343776859401e+05
563.25000000 5.1117597304208484e+05
563.50000000 5.1110809496046422e+05
563.75000000 5.1103980449194676e+05
564.00000000 5.1097110260368814e+05
564.25000000 5.1090199026178016e+05
564.50000000 5.1083246843125310e+05
564.75000000 5.1076253807606944e+05
565.00000000 5.1069220015912253e+05
565.25000000 5.1062145564223768e+05
565.50000000 5.1055030548616598e+05
565.75000000 5.1047875065058423e+05
566.00000000 5.1040679209409247e+05
566.25000000 5.1033443077421247e+05
566.50000000 5.1026166764738521e+05
566.75000000 5.1018850366896944e+05
567.00000000 5.1011493979323865e+05
567.25000000 5.1004097697337967e+05
567.50000000 5.0996661616149248e+05
567.75000000 5.0989185830858495e+05
568.00000000 5.0981670436457370e+05
568.25000000 5.0974115527828014e+05
568.50000000 5.0966521199743141e+05
568.75000000 5.0958887546865584e+05
569.00000000 5.0951214663748111e+05
569.25000000 5.0943502644833631e+05
569.50000000 5.0935751584454410e+05
569.75000000 5.0927961576832598e+05
570.00000000 5.0920132716079196e+05
570.25000000 5.0912265096194763e+05
570.50000000 5.0904358811068709e+05
570.75000000 5.0896413954479218e+05
571.00000000 5.0888430620093219e+05
571.25000000 5.0880408901466045e+05
571.50000000 5.0872348892041412e+05
571.75000000 5.0864250685151148e+05
572.00000000 5.0856114374015084e+05
572.25000000 5.0847940051740914e+05
572.50000000 5.0839727811324090e+05
572.75000000 5.0831477745647379e+05
573.00000000 5.0823189947481238e+05
573.25000000 5.0814864509483054e+05
573.50000000 5.0806501524197380e+05
573.75000000 5.0798101084055868e+05
574.00000000 5.0789663281376695e+05
574.25000000 5.0781188208364765e+05
574.50000000 5.0772675957111520e+05
574.75000000 5.0764126619594725e+05
575.00000000 5.0755540287678310e+05
575.25000000 5.0746917053112382e+05
575.50000000 5.0738257007532858e+05
575.75000000 5.0729560242461442e+05
576.00000000 5.0720826849305711e+05
576.25000000 5.0712056919358467e+05
576.50000000 5.0703250543798140e+05
576.75000000 5.0694407813688379e+05
577.00000000 5.0685528819977917e+05
577.25000000 5.0676613653500547e+05
577.50000000 5.0667662404975027e+05
577.75000000 5.0658675165004755e+05
578.00000000 5.0649652024077799e+05
578.25000000 5.0640593072566827e+05
578.50000000 5.0631498400728934e+05
578.75000000 5.0622368098705437e+05
579.00000000 5.0613202256521850e+05
579.25000000 5.0604000964087714e+05
579.50000000 5.0594764311196678e+05
579.75000000 5.0585492387526092e+05
580.00000000 5.0576185282637039e+05
580.25000000 5.0566843085974362e+05
580.50000000 5.0557465886866295e+05
580.75000000 5.0548053774524434e+05
581.00000000 5.0538606838043942e+05
581.25000000 5.0529125166402926e+05
581.50000000 5.0519608848462719e+05
581.75000000 5.0510057972967724e+05
582.00000000 5.0500472628545162e+05
582.25000000 5.0490852903705096e+05
582.50000000 5.0481198886840371e+05
582.75000000 5.0471510666226345e+05
583.00000000 5.0461788330021081e+05
583.25000000 5.0452031966264930e+05
583.50000000 5.0442241662880732e+05
583.75000000 5.0432417507673404e+05
584.00000000 5.0422559588330396e+05
584.25000000 5.0412667992420908e+05
584.50000000 5.0402742807396373e+05
584.75000000 5.0392784120590077e+05
585.00000000 5.0382792019217118e+05
585.25000000 5.0372766590374528e+05
585.50000000 5.0362707921040826e+05
585.75000000 5.0352616098076355e+05
586.00000000 5.0342491208222974e+05
586.25000000 5.0332333338103798e+05
586.50000000 5.0322142574223591e+05
586.75000000 5.0311919002968387e+05
587.00000000 5.0301662710605399e+05
587.25000000 5.0291373783283052e+05
587.50000000 5.0281052307031042e+05
587.75000000 5.0270698367759900e+05
588.00000000 5.0260312051261304e+05
588.25000000 5.0249893443207769e+05
588.50000000 5.0239442629152705e+05
588.75000000 5.0228959694530419e+05
589.00000000 5.0218444724655792e+05
589.25000000 5.0207897804724571e+05
589.50000000 5.0197319019812945e+05
589.75000000 5.0186708454877877e+05
590.00000000 5.0176066194756649e+05
590.25000000 5.0165392324167147e+05
590.50000000 5.0154686927707685e+05
590.75000000 5.0143950089856726e+05
591.00000000 5.0133181894973404e+05
591.25000000 5.0122382427296694e+05
591.50000000 5.0111551770946191e+05
591.75000000 5.0100690009921393e+05
592.00000000 5.0089797228102002e+05
592.25000000 5.0078873509247770e+05
592.50000000 5.0067918936998572e+05
592.75000000 5.0056933594874159e+05
593.00000000 5.0045917566274304e+05
593.25000000 5.0034870934478805e+05
593.50000000 5.0023793782647041e+05
593.75000000 5.0012686193818512e+05
594.00000000 5.0001548250912456e+05
594.25000000 4.9990380036727770e+05
594.50000000 4.9979181633943162e+05
594.75000000 4.9967953125117137e+05
595.00000000 4.9956694592687645e+05
595.25000000 4.9945406118972565e+05
595.50000000 4.9934087786169129e+05
595.75000000 4.9922739676354273e+05
596.00000000 4.9911361871484510e+05
596.25000000 4.9899954453395790e+05
596.50000000 4.9888517503803788e+05
596.75000000 4.9877051104303385e+05
597.00000000 4.9865555336369009e+05
597.25000000 4.9854030281354644e+05
597.50000000 4.9842476020493609e+05
597.75000000 4.9830892634898651e+05
598.00000000 4.9819280205561715e+05
598.25000000 4.9807638813354459e+05
598.50000000 4.9795968539027608e+05
598.75000000 4.9784269463211304e+05
599.00000000 4.9772541666415054e+05
599.25000000 4.9760785229027545e+05
599.50000000 4.9749000231316913e+05
599.75000000 4.9737186753430526e+05
600.00000000 4.9725344875394832e+05
600.25000000 4.9713474677115818e+05
600.50000000 4.9701576238378650e+05
600.75000000 4.9689649638847617e+05
601.00000000 4.9677694958066364e+05
601.25000000 4.9665712275457731e+05
601.50000000 4.9653701670323790e+05
601.75000000 4.9641663221845840e+05
602.00000000 4.9629597009084374e+05
602.25000000 4.9617503110979276e+05
602.50000000 4.9605381606349384e+05
602.75000000 4.9593232573892927e+05
603.00000000 4.9581056092187291e+05
603.25000000 4.9568852239689277e+05
603.50000000 4.9556621094734571e+05
603.75000000 4.9544362735538435e+05
604.00000000 4.9532077240195195e+05
604.25000000 4.9519764686678385e+05
604.50000000 4.9507425152840954e+05
604.75000000 4.9495058716414979e+05
605.00000000 4.9482665455011785e+05
605.25000000 4.9470245446122176e+05
605.50000000 4.9457798767116014e+05
605.75000000 4.9445325495242584e+05
606.00000000 4.9432825707630493e+05
606.25000000 4.9420299481287616e+05
606.50000000 4.9407746893101220e+05
606.75000000 4.9395168019837886e+05
607.00000000 4.9382562938143639e+05
607.25000000 4.9369931724543858e+05
607.50000000 4.9357274455443287e+05
607.75000000 4.9344591207126103e+05
608.00000000 4.9331882055756071e+05
608.25000000 4.9319147077376227e+05
608.50000000 4.9306386347909184e+05
608.75000000 4.9293599943157099e+05
609.00000000 4.9280787938801572e+05
609.25000000 4.9267950410403823e+05
609.50000000 4.9255087433404726e+05
609.75000000 4.9242199083124549e+05
610.00000000 4.9229285434763366e+05
610.25000000 4.9216346563400928e+05
610.50000000 4.9203382543996524e+05
610.75000000 4.9190393451389176e+05
611.00000000 4.9177379360297881e+05
611.25000000 4.9164340345321130e+05
611.50000000 4.9151276480937324e+05
611.75000000 4.9138187841504742e+05
612.00000000 4.9125074501261540e+05
612.25000000 4.9111936534325616e+05
612.50000000 4.9098774014695018e+05
612.75000000 4.9085587016247585e+05
613.00000000 4.9072375612741319e+05
613.25000000 4.9059139877814188e+05
613.50000000 4.9045879884984111e+05
613.75000000 4.9032595707649429e+05
614.00000000 4.9019287419088307e+05
614.25000000 4.9005955092459364e+05
614.50000000 4.8992598800801276e+05
614.75000000 4.8979218617033062e+05
615.00000000 4.8965814613954205e+05
615.25000000 4.8952386864244175e+05
615.50000000 4.8938935440463218e+05
615.75000000 4.8925460415051813e+05
616.00000000 4.8911961860330985e+05
616.25000000 4.8898439848502417e+05
616.50000000 4.8884894451648043e+05
616.75000000 4.8871325741730799e+05
617.00000000 4.8857733790594089e+05
617.25000000 4.8844118669961981e+05
617.50000000 4.8830480451439501e+05
617.75000000 4.8816819206512353e+05
618.00000000 4.8803135006547207e+05
618.25000000 4.8789427922791551e+05
618.50000000 4.8775698026373814e+05
618.75000000 4.8761945388303680e+05
619.00000000 4.8748170079471631e+05
619.25000000 4.8734372170649411e+05
619.50000000 4.8720551732489868e+05
619.75000000 4.8706708835527225e+05
620.00000000 4.8692843550176872e+05
620.25000000 4.8678955946735584e+05
620.50000000 4.8665046095381444e+05
620.75000000 4.8651114066174236e+05
621.00000000 4.8637159929054958e+05
621.25000000 4.8623183753846452e+05
621.50000000 4.8609185610252945e+05
621.75000000 4.8595165567860543e+05
622.00000000 4.8581123696137039e+05
622.25000000 4.8567060064432031e+05
622.50000000 4.8552974741976958e+05
622.75000000 4.8538867797885300e+05
623.00000000 4.8524739301152388e+05
623.25000000 4.8510589320655796e+05
623.50000000 4.8496417925155035e+05
623.75000000 4.8482225183291920e+05
624.00000000 4.8468011163590447e+05
624.25000000 4.8453775934457057e+05
624.50000000 4.8439519564180449e+05
624.75000000 4.8425242120931763e+05
625.00000000 4.8410943672764819e+05
625.25000000 4.8396624287615827e+05
625.50000000 4.8382284033303737e+05
625.75000000 4.8367922977530351e+05
626.00000000 4.8353541187879979e+05
626.25000000 4.8339138731819991e+05
626.50000000 4.8324715676700691e+05
626.75000000 4.8310272089755262e+05
627.00000000 4.8295808038100175e+05
627.25000000 4.8281323588734801e+05
627.50000000 4.8266818808541895e+05
627.75000000 4.8252293764287449e+05
628.00000000 4.8237748522620817e+05
628.25000000 4.8223183150074864e+05
628.50000000 4.8208597713065782e+05
628.75000000 4.8193992277893581e+05
629.00000000 4.8179366910741822e+05
629.25000000 4.8164721677677811e+05
629.50000000 4.8150056644652662e+05
629.75000000 4.8135371877501492e+05
630.00000000 4.8120667441943201e+05
630.25000000 4.8105943403580895e+05
630.50000000 4.8091199827901786e+05
630.75000000 4.8076436780277290e+05
631.00000000 4.8061654325963033e+05
631.25000000 4.8046852530099062e+05
631.50000000 4.8032031457710027e+05
631.75000000 4.8017191173704813e+05
632.00000000 4.8002331742877129e+05
632.25000000 4.7987453229905310e+05
632.50000000 4.7972555699352536e+05
632.75000000 4.7957639215666754e+05
633.00000000 4.7942703843180847e+05
633.25000000 4.7927749646112928e+05
633.50000000 4.7912776688565937e+05
633.75000000 4.7897785034528095e+05
634.00000000 4.7882774747873144e+05
634.25000000 4.7867745892359852e+05
634.50000000 4.7852698531632614e+05
634.75000000 4.7837632729221426e+05
635.00000000 4.7822548548541707e+05
635.25000000 4.7807446052894840e+05
635.50000000 4.7792325305467832e+05
635.75000000 4.7777186369333632e+05
636.00000000 4.7762029307451198e+05
636.25000000 4.7746854182665475e+05
636.50000000 4.7731661057707720e+05
636.75000000 4.7716449995195272e+05
637.00000000 4.7701221057631855e+05
637.25000000 4.7685974307407782e+05
637.50000000 4.7670709806799644e+05
637.75000000 4.7655427617970807e+05
638.00000000 4.7640127802971256e+05
638.25000000 4.7624810423737869e+05
638.50000000 4.7609475542094297e+05
638.75000000 4.7594123219751217e+05
639.00000000 4.7578753518306551e+05
639.25000000 4.7563366499245015e+05
639.50000000 4.7547962223939010e+05
639.75000000 4.7532540753648023e+05
640.00000000 4.7517102149519091e+05
640.25000000 4.7501646472586767e+05
640.50000000 4.7486173783773300e+05
640.75000000 4.7470684143888601e+05
641.00000000 4.7455177613630553e+05
641.25000000 4.7439654253584862e+05
641.50000000 4.7424114124225319e+05
641.75000000 4.7408557285913854e+05
642.00000000 4.7392983798900485e+05
642.25000000 4.7377393723323807e+05
642.50000000 4.7361787119210640e+05
642.75000000 4.7346164046476455e+05
643.00000000 4.7330524564925249e+05
643.25000000 4.7314868734249822e+05
643.50000000 4.7299196614031767e+05
643.75000000 4.7283508263741521e+05
644.00000000 4.7267803742738767e+05
644.25000000 4.7252083110272075e+05
644.50000000 4.7236346425479342e+05
644.75000000 4.7220593747387920e+05
645.00000000 4.7204825134914304e+05
645.25000000 4.7189040646864852e+05
645.50000000 4.7173240341935313e+05
645.75000000 4.7157424278711237e+05
646.00000000 4.7141592515668145e+05
646.25000000 4.7125745111171308e+05
646.50000000 4.7109882123476255e+05
646.75000000 4.7094003610728483e+05
647.00000000 4.7078109630963835e+05
647.25000000 4.7062200242108648e+05
647.50000000 4.7046275501979433e+05
647.75000000 4.7030335468283494e+05
648.00000000 4.7014380198618828e+05
648.25000000 4.6998409750474041e+05
648.50000000 4.6982424181228864e+05
648.75000000 4.6966423548153887e+05
649.00000000 4.6950407908410806e+05
649.25000000 4.6934377319052594e+05
649.50000000 4.6918331837023486e+05
649.75000000 4.6902271519159293e+05
650.00000000 4.6886196422187076e+05
650.25000000 4.6870106602725829e+05
650.50000000 4.6854002117286151e+05
650.75000000 4.6837883022270544e+05
651.00000000 4.6821749373973522e+05
651.25000000 4.6805601228581648e+05
651.50000000 4.6789438642173592e+05
651.75000000 4.6773261670720455e+05
652.00000000 4.6757070370085741e+05
652.25000000 4.6740864796025376e+05
652.50000000 4.6724645004187978e+05
652.75000000 4.6708411050114979e+05
653.00000000 4.6692162989240547e+05
653.25000000 4.6675900876891892e+05
653.50000000 4.6659624768289283e+05
653.75000000 4.6643334718546161e+05
654.00000000 4.6627030782669317e+05
654.25000000 4.6610713015558873e+05
654.50000000 4.6594381472008536e+05
654.75000000 4.6578036206705711e+05
655.00000000 4.6561677274231386e+05
655.25000000 4.6545304729060625e+05
655.50000000 4.6528918625562341e+05
655.75000000 4.6512519017999497e+05
656.00000000 4.6496105960529414e+05
656.25000000 4.6479679507203668e+05
656.50000000 4.6463239711968182e+05
656.75000000 4.6446786628663552e+05
657.00000000 4.6430320311024989e+05
657.25000000 4.6413840812682448e+05
657.50000000 4.6397348187160894e+05
657.75000000 4.6380842487880157e+05
658.00000000 4.6364323768155312e+05
658.25000000 4.6347792081196612e+05
658.50000000 4.6331247480109648e+05
658.75000000 4.6314690017895575e+05
659.00000000 4.6298119747451035e+05
659.25000000 4.6281536721568485e+05
659.50000000 4.6264940992936102e+05
659.75000000 4.6248332614138111e+05
660.00000000 4.6231711637654674e+05
660.25000000 4.6215078115862166e+05
660.50000000 4.6198432101033389e+05
660.75000000 4.6181773645337333e+05
661.00000000 4.6165102800839697e+05
661.25000000 4.6148419619502779e+05
661.50000000 4.6131724153185508e+05
661.75000000 4.6115016453643970e+05
662.00000000 4.6098296572530945e+05
662.25000000 4.6081564561396569e+05
662.50000000 4.6064820471688145e+05
662.75000000 4.6048064354750223e+05
663.00000000 4.6031296261825028e+05
663.25000000 4.6014516244052292e+05
663.50000000 4.5997724352469371e+05
663.75000000 4.5980920638011600e+05
664.00000000 4.5964105151512183e+05
664.25000000 4.5947277943702508e+05
664.50000000 4.5930439065212000e+05
664.75000000 4.5913588566568476e+05
665.00000000 4.5896726498198288e+05
665.25000000 4.5879852910426189e+05
665.50000000 4.5862967853475711e+05
665.75000000 4.5846071377469116e+05
666.00000000 4.5829163532427693e+05
666.25000000 4.5812244368271640e+05
666.50000000 4.5795313934820396e+05
666.75000000 4.5778372281792772e+05
667.00000000 4.5761419458806777e+05
667.25000000 4.5744455515380058e+05
667.50000000 4.5727480500930030e+05
667.75000000 4.5710494464773638e+05
668.00000000 4.5693497456127935e+05
668.25000000 4.5676489524109912e+05
668.50000000 4.5659470717736636e+05
668.75000000 4.5642441085925547e+05
669.00000000 4.5625400677494402e+05
669.25000000 4.5608349541161465e+05
669.50000000 4.5591287725545670e+05
669.75000000 4.5574215279166657e+05
670.00000000 4.5557132250445045e+05
670.25000000 4.5540038687702274e+05
670.50000000 4.5522934639161063e+05
670.75000000 4.5505820152945339e+05
671.00000000 4.5488695277080347e+05
671.25000000 4.5471560059492901e+05
671.50000000 4.5454414548011357e+05
671.75000000 4.5437258790365903e+05
672.00000000 4.5420092834188516e+05
672.25000000 4.5402916727013141e+05
672.50000000 4.5385730516275985e+05
672.75000000 4.5368534249315312e+05
673.00000000 4.5351327973371831e+05
673.25000000 4.5334111735588824e+05
673.50000000 4.5316885583012010e+05
673.75000000 4.5299649562589987e+05
674.00000000 4.5282403721174150e+05
674.25000000 4.5265148105518846e+05
674.50000000 4.5247882762281637e+05
674.75000000 4.5230607738023240e+05
675.00000000 4.5213323079207801e+05
675.25000000 4.5196028832202847e+05
675.50000000 4.5178725043279567e+05
675.75000000 4.5161411758613004e+05
676.00000000 4.5144089024281863e+05
676.25000000 4.5126756886268954e+05
676.50000000 4.5109415390461218e+05
676.75000000 4.5092064582649717e+05
677.00000000 4.5074704508530034e+05
677.25000000 4.5057335213702149e+05
677.50000000 4.5039956743670703e+05
677.75000000 4.5022569143845025e+05
678.00000000 4.5005172459539317e+05
678.25000000 4.4987766735972877e+05
678.50000000 4.4970352018269978e+05
678.75000000 4.4952928351460281e+05
679.00000000 4.4935495780478721e+05
679.25000000 4.4918054350165738e+05
679.50000000 4.4900604105267476e+05
679.75000000 4.4883145090435800e+05
680.00000000 4.4865677350228338e+05
680.25000000 4.4848200929108926e+05
680.50000000 4.4830715871447360e+05
680.75000000 4.4813222221519845e+05
681.00000000 4.4795720023508847e+05
681.25000000 4.4778209321503359e+05
681.50000000 4.4760690159499139e+05
681.75000000 4.4743162581398524e+05
682.00000000 4.4725626631010894e+05
682.25000000 4.4708082352052565e+05
682.50000000 4.4690529788147105e+05
682.75000000 4.4672968982825225e+05
683.00000000 4.4655399979525065e+05
683.25000000 4.4637822821592417e+05
683.50000000 4.4620237552280567e+05
683.75000000 4.4602644214750681e+05
684.00000000 4.4585042852071853e+05
684.25000000 4.4567433507221082e+05
684.50000000 4.4549816223083728e+05
684.75000000 4.4532191042453289e+05
685.00000000 4.4514558008031704e+05
685.25000000 4.4496917162429547e+05
685.50000000 4.4479268548166024e+05
685.75000000 4.4461612207669072e+05
686.00000000 4.4443948183275631e+05
686.25000000 4.4426276517231739e+05
686.50000000 4.4408597251692496e+05
686.75000000 4.4390910428722430e+05
687.00000000 4.4373216090295435e+05
687.25000000 4.4355514278295019e+05
687.50000000 4.4337805034514383e+05
687.75000000 4.4320088400656515e+05
688.00000000 4.4302364418334363e+05
688.25000000 4.4284633129071002e+05
688.50000000 4.4266894574299676e+05
688.75000000 4.4249148795363924e+05
689.00000000 4.4231395833517850e+05
689.25000000 4.4213635729926062e+05
689.50000000 4.4195868525663845e+05
689.75000000 4.4178094261717558e+05
690.00000000 4.4160312978984189e+05
690.25000000 4.4142524718272127e+05
690.50000000 4.4124729520300857e+05
690.75000000 4.4106927425701171e+05
691.00000000 4.4089118475015479e+05
691.25000000 4.4071302708697715e+05
691.50000000 4.4053480167113582e+05
691.75000000 4.4035650890540623e+05
692.00000000 4.4017814919168368e+05
692.25000000 4.3999972293098550e+05
692.50000000 4.3982123052345123e+05
692.75000000 4.3964267236834293e+05
693.00000000 4.3946404886405024e+05
693.25000000 4.3928536040808610e+05
693.50000000 4.3910660739709402e+05
693.75000000 4.3892779022684420e+05
694.00000000 4.3874890929223853e+05
694.25000000 4.3856996498730936e+05
694.50000000 4.3839095770522230e+05
694.75000000 4.3821188783827686e+05
695.00000000 4.3803275577790750e+05
695.25000000 4.3785356191468606e+05
695.50000000 4.3767430663832132e+05
695.75000000 4.3749499033766164e+05
696.00000000 4.3731561340069619e+05
696.25000000 4.3713617621455481e+05
696.50000000 4.3695667916551087e+05
696.75000000 4.3677712263898272e+05
697.00000000 4.3659750701953250e+05
697.25000000 4.3641783269087091e+05
697.50000000 4.3623810003585566e+05
697.75000000 4.3605830943649350e+05
698.00000000 4.3587846127394307e+05
698.25000000 4.3569855592851370e+05
698.50000000 4.3551859377966903e+05
698.75000000 4.3533857520602585e+05
699.00000000 4.3515850058535737e+05
699.25000000 4.3497837029459368e+05
699.50000000 4.3479818470982322e+05
699.75000000 4.3461794420629420e+05
700.00000000 4.3443764915841498e+05
